 <feast_mesh_file>
 <header>
  version 1
  submeshes 0
  cellsets 2
 </header>
 <info>
  Coarse mesh exported by RocheMesher
 </info>
 <mesh>
  <header>
   type conformal
   shape quad
   coords 2
  </header>
  <counts>
   verts   540
   quads   360
  </counts>
  <coords>
     0.115302992E+01  0.141714655E+00
     0.117906108E+01  0.253934113E+00
     0.121859111E+01  0.359032388E+00
     0.126185778E+01  0.442548085E+00
     0.130372432E+01  0.507004039E+00
     0.134529756E+01  0.560644264E+00
     0.138060641E+01  0.600178064E+00
     0.141930292E+01  0.638467102E+00
     0.145460608E+01  0.673024847E+00
     0.148677712E+01  0.730991649E+00
     0.149436687E+01  0.846558511E+00
     0.145223728E+01  0.986146013E+00
     0.140466703E+01  0.105577417E+01
     0.137188165E+01  0.108946113E+01
     0.134406485E+01  0.111241104E+01
     0.132037767E+01  0.112868198E+01
     0.129868621E+01  0.114148098E+01
     0.127560974E+01  0.115309445E+01
     0.125084970E+01  0.116326176E+01
     0.122152850E+01  0.116994956E+01
     0.118469779E+01  0.117089547E+01
     0.112981239E+01  0.115824738E+01
     0.102362935E+01  0.113154701E+01
     0.900105528E+00  0.111768956E+01
     0.768572469E+00  0.112233811E+01
     0.645203157E+00  0.114520316E+01
     0.532145122E+00  0.118317017E+01
     0.434408770E+00  0.123103809E+01
     0.348388959E+00  0.128664939E+01
     0.276706550E+00  0.134529521E+01
     0.218397305E+00  0.140387143E+01
     0.173518030E+00  0.145762657E+01
     0.135302004E+00  0.151132375E+01
     0.103461540E+00  0.156390714E+01
     0.741549963E-01  0.162136369E+01
     0.475332053E-01  0.168513393E+01
     0.209032632E-01  0.176987746E+01
    -0.388422233E-01  0.190619778E+01
    -0.155482988E+00  0.197399347E+01
    -0.223660427E+00  0.199147198E+01
    -0.272566449E+00  0.199615866E+01
    -0.318465536E+00  0.199472795E+01
    -0.364505372E+00  0.198750690E+01
    -0.413849860E+00  0.197316260E+01
    -0.465972815E+00  0.194941612E+01
    -0.510058608E+00  0.192103508E+01
    -0.542885077E+00  0.188977865E+01
    -0.570631216E+00  0.183858253E+01
    -0.589339494E+00  0.176358760E+01
    -0.614792903E+00  0.168384305E+01
    -0.646488818E+00  0.160964112E+01
    -0.685983652E+00  0.153688609E+01
    -0.730324133E+00  0.147081915E+01
    -0.779267700E+00  0.141040495E+01
    -0.830821810E+00  0.135708560E+01
    -0.885391259E+00  0.130944717E+01
    -0.941573022E+00  0.126802499E+01
    -0.100008446E+01  0.123155951E+01
    -0.105977137E+01  0.120043358E+01
    -0.111942494E+01  0.117484394E+01
    -0.117980364E+01  0.115407757E+01
    -0.124422806E+01  0.113729968E+01
    -0.130877447E+01  0.112552877E+01
    -0.137404825E+01  0.111873075E+01
    -0.144047590E+01  0.111685103E+01
    -0.150866129E+01  0.112023186E+01
    -0.158843030E+01  0.113104643E+01
    -0.169433371E+01  0.115738989E+01
    -0.180839856E+01  0.116574059E+01
    -0.187671617E+01  0.113487723E+01
    -0.192230284E+01  0.110325117E+01
    -0.196413247E+01  0.106375450E+01
    -0.200276251E+01  0.101362611E+01
    -0.203247115E+01  0.957594256E+00
    -0.205262969E+01  0.896411168E+00
    -0.206130300E+01  0.844193381E+00
    -0.206261972E+01  0.792762229E+00
    -0.205677693E+01  0.742544508E+00
    -0.203045475E+01  0.684605493E+00
    -0.197732856E+01  0.630134030E+00
    -0.192919646E+01  0.580336502E+00
    -0.188736530E+01  0.529783291E+00
    -0.184644210E+01  0.471517317E+00
    -0.181081350E+01  0.410784051E+00
    -0.178037113E+01  0.347869138E+00
    -0.175429965E+01  0.280369190E+00
    -0.173452580E+01  0.213239632E+00
    -0.171965006E+01  0.141118327E+00
    -0.171096176E+01  0.698236158E-01
    -0.170821224E+01  0.147963325E-15
    -0.171089298E+01 -0.698196499E-01
    -0.171944454E+01 -0.141094547E+00
    -0.173382957E+01 -0.210902351E+00
    -0.175419040E+01 -0.280344769E+00
    -0.178021933E+01 -0.347827894E+00
    -0.181055647E+01 -0.410703504E+00
    -0.184622182E+01 -0.471440175E+00
    -0.188705966E+01 -0.529666580E+00
    -0.192879762E+01 -0.580174549E+00
    -0.197683999E+01 -0.629925639E+00
    -0.203010560E+01 -0.684449312E+00
    -0.205658098E+01 -0.742451041E+00
    -0.206252249E+01 -0.792712902E+00
    -0.206117039E+01 -0.844121683E+00
    -0.205258072E+01 -0.896382899E+00
    -0.203236840E+01 -0.957530052E+00
    -0.200264256E+01 -0.101354520E+01
    -0.196419596E+01 -0.106380063E+01
    -0.192232815E+01 -0.110327081E+01
    -0.187678955E+01 -0.113493772E+01
    -0.180855822E+01 -0.116588285E+01
    -0.169463229E+01 -0.115767922E+01
    -0.158863114E+01 -0.113125514E+01
    -0.150881292E+01 -0.112040026E+01
    -0.144063288E+01 -0.111703746E+01
    -0.137416870E+01 -0.111888491E+01
    -0.130890307E+01 -0.112570774E+01
    -0.124675536E+01 -0.113682639E+01
    -0.118451272E+01 -0.115285081E+01
    -0.112163563E+01 -0.117406540E+01
    -0.106185550E+01 -0.119943306E+01
    -0.100209045E+01 -0.123033509E+01
    -0.945523674E+00 -0.126513305E+01
    -0.889379445E+00 -0.130614738E+01
    -0.834872477E+00 -0.135315690E+01
    -0.783421203E+00 -0.140561254E+01
    -0.734619565E+00 -0.146477889E+01
    -0.690475610E+00 -0.152922955E+01
    -0.651205686E+00 -0.159958907E+01
    -0.617254292E+00 -0.167681450E+01
    -0.591897451E+00 -0.175350782E+01
    -0.573441585E+00 -0.182853582E+01
    -0.546076874E+00 -0.188534643E+01
    -0.513394241E+00 -0.191855254E+01
    -0.465975124E+00 -0.194928387E+01
    -0.413856789E+00 -0.197300391E+01
    -0.364509414E+00 -0.198744762E+01
    -0.318481109E+00 -0.199455683E+01
    -0.272573748E+00 -0.199609459E+01
    -0.223640381E+00 -0.199161644E+01
    -0.155456327E+00 -0.197414623E+01
    -0.388080051E-01 -0.190633922E+01
     0.209951975E-01 -0.177018982E+01
     0.476151696E-01 -0.168538619E+01
     0.742186113E-01 -0.162154334E+01
     0.103547291E+00 -0.156412936E+01
     0.135386620E+00 -0.151152504E+01
     0.173549460E+00 -0.145769459E+01
     0.218440673E+00 -0.140395618E+01
     0.276792437E+00 -0.134544397E+01
     0.348404356E+00 -0.128667274E+01
     0.434358365E+00 -0.123097169E+01
     0.532100338E+00 -0.118311883E+01
     0.645118116E+00 -0.114511812E+01
     0.768438813E+00 -0.112221986E+01
     0.899880751E+00 -0.111751012E+01
     0.102330652E+01 -0.113130726E+01
     0.112929150E+01 -0.115787720E+01
     0.118442998E+01 -0.117070934E+01
     0.122134063E+01 -0.116982188E+01
     0.124617581E+01 -0.116455450E+01
     0.127148989E+01 -0.115481973E+01
     0.129482154E+01 -0.114342743E+01
     0.131678864E+01 -0.113085133E+01
     0.134392676E+01 -0.111232774E+01
     0.137181225E+01 -0.108942075E+01
     0.140464094E+01 -0.105575971E+01
     0.145210027E+01 -0.986076800E+00
     0.149443672E+01 -0.846588161E+00
     0.148697872E+01 -0.731065821E+00
     0.145493357E+01 -0.673137611E+00
     0.141971047E+01 -0.638602678E+00
     0.138097356E+01 -0.600295237E+00
     0.134168452E+01 -0.556037338E+00
     0.130095091E+01 -0.502834528E+00
     0.125762250E+01 -0.434967595E+00
     0.121563804E+01 -0.352169913E+00
     0.117737644E+01 -0.247693403E+00
     0.115175020E+01 -0.132896666E+00
     0.114167625E+01  0.286526849E-02
     0.169196957E+01  0.154525991E+00
     0.160159946E+01  0.252452712E+00
     0.154057461E+01  0.350261628E+00
     0.151108753E+01  0.427390264E+00
     0.149948177E+01  0.493162061E+00
     0.149795660E+01  0.547540960E+00
     0.150191191E+01  0.592856834E+00
     0.151035249E+01  0.635858178E+00
     0.151675719E+01  0.681431004E+00
     0.151558789E+01  0.743654334E+00
     0.149760150E+01  0.851270311E+00
     0.146368906E+01  0.991400824E+00
     0.143819028E+01  0.108831649E+01
     0.142582195E+01  0.115713697E+01
     0.142302499E+01  0.122479945E+01
     0.142911289E+01  0.130329178E+01
     0.143605060E+01  0.138702729E+01
     0.141692318E+01  0.146386290E+01
     0.135527328E+01  0.152355146E+01
     0.127797248E+01  0.156672555E+01
     0.116908265E+01  0.156507025E+01
     0.107557409E+01  0.149912711E+01
     0.975770183E+00  0.143798534E+01
     0.874865548E+00  0.140279771E+01
     0.771774624E+00  0.138891909E+01
     0.673421960E+00  0.139115885E+01
     0.581468807E+00  0.140552696E+01
     0.498529382E+00  0.142850368E+01
     0.424231896E+00  0.145774691E+01
     0.359695475E+00  0.149153255E+01
     0.303756516E+00  0.152852389E+01
     0.255090415E+00  0.156602815E+01
     0.210499653E+00  0.160391737E+01
     0.169030228E+00  0.164244505E+01
     0.129060502E+00  0.168499015E+01
     0.882551088E-01  0.173557489E+01
     0.363842699E-01  0.180609284E+01
    -0.493983884E-01  0.191375085E+01
    -0.145729967E+00  0.200979430E+01
    -0.210589110E+00  0.206895856E+01
    -0.264902811E+00  0.210958608E+01
    -0.326148511E+00  0.213126507E+01
    -0.394079432E+00  0.213025526E+01
    -0.463327758E+00  0.211336204E+01
    -0.533047452E+00  0.209057599E+01
    -0.598989772E+00  0.205610094E+01
    -0.646284664E+00  0.199582701E+01
    -0.670510973E+00  0.191509525E+01
    -0.685629512E+00  0.182227898E+01
    -0.704802573E+00  0.173674587E+01
    -0.731977399E+00  0.165799714E+01
    -0.764736089E+00  0.158722388E+01
    -0.802678874E+00  0.152299834E+01
    -0.844234097E+00  0.146517387E+01
    -0.888994998E+00  0.141322749E+01
    -0.936312640E+00  0.136675219E+01
    -0.986001262E+00  0.132510938E+01
    -0.103706075E+01  0.128838911E+01
    -0.108992662E+01  0.125582565E+01
    -0.114381632E+01  0.122774642E+01
    -0.119940488E+01  0.120385892E+01
    -0.125641093E+01  0.118414861E+01
    -0.131547157E+01  0.116837194E+01
    -0.137710968E+01  0.115663944E+01
    -0.144248780E+01  0.114932680E+01
    -0.151407939E+01  0.114706249E+01
    -0.160069763E+01  0.115221341E+01
    -0.171344965E+01  0.116671922E+01
    -0.182114112E+01  0.117358790E+01
    -0.189416262E+01  0.115585429E+01
    -0.194566316E+01  0.112414086E+01
    -0.198720627E+01  0.108124617E+01
    -0.202264210E+01  0.102809626E+01
    -0.205374072E+01  0.967620471E+00
    -0.207792687E+01  0.905940559E+00
    -0.209164165E+01  0.847990490E+00
    -0.209220277E+01  0.792533628E+00
    -0.207965775E+01  0.739641498E+00
    -0.205003599E+01  0.687117365E+00
    -0.200301841E+01  0.636561237E+00
    -0.195155849E+01  0.584367436E+00
    -0.190391168E+01  0.530021952E+00
    -0.186121480E+01  0.472383884E+00
    -0.182382672E+01  0.411684532E+00
    -0.179169706E+01  0.348096904E+00
    -0.176490648E+01  0.281565331E+00
    -0.174389142E+01  0.212934905E+00
    -0.172876264E+01  0.142678800E+00
    -0.171964584E+01  0.713971104E-01
    -0.171662053E+01 -0.132793286E-03
    -0.171959582E+01 -0.716205617E-01
    -0.172864992E+01 -0.142742027E+00
    -0.174374672E+01 -0.212846728E+00
    -0.176474645E+01 -0.281441330E+00
    -0.179150470E+01 -0.347991419E+00
    -0.182354428E+01 -0.411508744E+00
    -0.186087115E+01 -0.472154524E+00
    -0.190347454E+01 -0.529758520E+00
    -0.195105069E+01 -0.584104291E+00
    -0.200244915E+01 -0.636246538E+00
    -0.204959678E+01 -0.686783031E+00
    -0.207938222E+01 -0.739246929E+00
    -0.209205310E+01 -0.792179671E+00
    -0.209155065E+01 -0.847649397E+00
    -0.207787768E+01 -0.905720430E+00
    -0.205369718E+01 -0.967458648E+00
    -0.202259456E+01 -0.102800116E+01
    -0.198721574E+01 -0.108124661E+01
    -0.194574080E+01 -0.112420527E+01
    -0.189429200E+01 -0.115592510E+01
    -0.182140609E+01 -0.117373689E+01
    -0.171387328E+01 -0.116694149E+01
    -0.160104396E+01 -0.115238109E+01
    -0.151456976E+01 -0.114713089E+01
    -0.144319772E+01 -0.114935625E+01
    -0.137788387E+01 -0.115659102E+01
    -0.131659581E+01 -0.116818918E+01
    -0.125806454E+01 -0.118378787E+01
    -0.120127245E+01 -0.120329108E+01
    -0.114610907E+01 -0.122670944E+01
    -0.109208968E+01 -0.125446762E+01
    -0.103962321E+01 -0.128650650E+01
    -0.988340616E+00 -0.132308854E+01
    -0.939012782E+00 -0.136414078E+01
    -0.891725935E+00 -0.141020806E+01
    -0.847143144E+00 -0.146138600E+01
    -0.805623728E+00 -0.151839359E+01
    -0.767666007E+00 -0.158141508E+01
    -0.734005729E+00 -0.165079956E+01
    -0.706803872E+00 -0.172777665E+01
    -0.686789060E+00 -0.181279846E+01
    -0.671148006E+00 -0.190362045E+01
    -0.649688842E+00 -0.198855299E+01
    -0.603665170E+00 -0.205204207E+01
    -0.537419888E+00 -0.208864408E+01
    -0.466920308E+00 -0.211224903E+01
    -0.397787183E+00 -0.212930749E+01
    -0.329352287E+00 -0.213214713E+01
    -0.266931185E+00 -0.211150915E+01
    -0.211770447E+00 -0.207027054E+01
    -0.147032408E+00 -0.201160585E+01
    -0.500507388E-01 -0.191480565E+01
     0.360322996E-01 -0.180678852E+01
     0.882219326E-01 -0.173582546E+01
     0.129081577E+00 -0.168515229E+01
     0.169065583E+00 -0.164256636E+01
     0.210522224E+00 -0.160398185E+01
     0.255090110E+00 -0.156603358E+01
     0.303766226E+00 -0.152854730E+01
     0.359706796E+00 -0.149154413E+01
     0.424214597E+00 -0.145769397E+01
     0.498489165E+00 -0.142842612E+01
     0.581410702E+00 -0.140543099E+01
     0.673335656E+00 -0.139101217E+01
     0.771652742E+00 -0.138874241E+01
     0.874706341E+00 -0.140259643E+01
     0.975606419E+00 -0.143772914E+01
     0.107537675E+01 -0.149877458E+01
     0.116885639E+01 -0.156484641E+01
     0.127796912E+01 -0.156782781E+01
     0.135511871E+01 -0.152509010E+01
     0.141656500E+01 -0.146295512E+01
     0.143424132E+01 -0.138486186E+01
     0.142679675E+01 -0.130033748E+01
     0.142184349E+01 -0.122279846E+01
     0.142544493E+01 -0.115620439E+01
     0.143809560E+01 -0.108792402E+01
     0.146371793E+01 -0.991022312E+00
     0.149762678E+01 -0.851395825E+00
     0.151578235E+01 -0.743300879E+00
     0.151674761E+01 -0.681041425E+00
     0.151019682E+01 -0.634866315E+00
     0.150137828E+01 -0.591836130E+00
     0.149627008E+01 -0.544908471E+00
     0.149701914E+01 -0.490561303E+00
     0.150892620E+01 -0.424444458E+00
     0.153865249E+01 -0.346944085E+00
     0.159960607E+01 -0.250082910E+00
     0.169213848E+01 -0.151950306E+00
     0.176263477E+01  0.104296449E-02
     0.209993505E+01  0.305422174E+00
     0.194207781E+01  0.360614676E+00
     0.181207948E+01  0.436871953E+00
     0.173863691E+01  0.496293855E+00
     0.168875052E+01  0.545716795E+00
     0.165171034E+01  0.588641339E+00
     0.162633022E+01  0.621782469E+00
     0.160119667E+01  0.658475121E+00
     0.157865656E+01  0.695508756E+00
     0.154840551E+01  0.753666481E+00
     0.151045504E+01  0.849249458E+00
     0.147796246E+01  0.990489819E+00
     0.147020650E+01  0.110111119E+01
     0.147496191E+01  0.119137319E+01
     0.149007993E+01  0.128251900E+01
     0.152194263E+01  0.138964267E+01
     0.157219378E+01  0.150553691E+01
     0.156907458E+01  0.164581624E+01
     0.147179091E+01  0.176298455E+01
     0.136204592E+01  0.184909155E+01
     0.114860888E+01  0.188319076E+01
     0.102679861E+01  0.180033913E+01
     0.917044208E+00  0.173746786E+01
     0.829791461E+00  0.170205545E+01
     0.746630612E+00  0.167858954E+01
     0.670214655E+00  0.166504703E+01
     0.598044407E+00  0.165896413E+01
     0.532628985E+00  0.165898784E+01
     0.472184976E+00  0.166369519E+01
     0.418935665E+00  0.167153777E+01
     0.368339214E+00  0.168237641E+01
     0.319889276E+00  0.169602243E+01
     0.270042757E+00  0.171342284E+01
     0.221735572E+00  0.173385835E+01
     0.174621437E+00  0.175744893E+01
     0.122707230E+00  0.178817159E+01
     0.545979227E-01  0.183691694E+01
    -0.410344425E-01  0.192653576E+01
    -0.123169297E+00  0.203319653E+01
    -0.174734876E+00  0.212561710E+01
    -0.225612664E+00  0.220291313E+01
    -0.306898768E+00  0.225242841E+01
    -0.405260819E+00  0.226040839E+01
    -0.496086452E+00  0.224229575E+01
    -0.585309782E+00  0.222067638E+01
    -0.682896874E+00  0.217806079E+01
    -0.749371635E+00  0.209129336E+01
    -0.765011481E+00  0.198616866E+01
    -0.774808322E+00  0.186099832E+01
    -0.793523233E+00  0.177303012E+01
    -0.819824689E+00  0.169262434E+01
    -0.848693976E+00  0.162651208E+01
    -0.879636313E+00  0.156922844E+01
    -0.916590820E+00  0.151242343E+01
    -0.953349077E+00  0.146453424E+01
    -0.992051961E+00  0.142096128E+01
    -0.103496756E+01  0.137922872E+01
    -0.107825372E+01  0.134269011E+01
    -0.112436939E+01  0.130901765E+01
    -0.117378162E+01  0.127794056E+01
    -0.122269031E+01  0.125173634E+01
    -0.127374627E+01  0.122868822E+01
    -0.132767377E+01  0.120878706E+01
    -0.138528077E+01  0.119203157E+01
    -0.145085331E+01  0.117840543E+01
    -0.152393560E+01  0.116963222E+01
    -0.162017116E+01  0.116810368E+01
    -0.173096584E+01  0.118045380E+01
    -0.183115288E+01  0.119857544E+01
    -0.191214254E+01  0.118492828E+01
    -0.197182098E+01  0.114991257E+01
    -0.201501620E+01  0.110072370E+01
    -0.204610803E+01  0.104286303E+01
    -0.207776762E+01  0.978257373E+00
    -0.210723793E+01  0.913038223E+00
    -0.212691409E+01  0.846917871E+00
    -0.212521638E+01  0.782163821E+00
    -0.210604005E+01  0.725154887E+00
    -0.206759004E+01  0.671869950E+00
    -0.201366757E+01  0.626981635E+00
    -0.196087625E+01  0.578401827E+00
    -0.191246091E+01  0.525289505E+00
    -0.186932988E+01  0.468826405E+00
    -0.183177342E+01  0.409707000E+00
    -0.179841442E+01  0.345481366E+00
    -0.177115851E+01  0.279482325E+00
    -0.174977757E+01  0.211384054E+00
    -0.173416481E+01  0.140615318E+00
    -0.172508565E+01  0.706379940E-01
    -0.172200612E+01  0.149652588E-15
    -0.172501121E+01 -0.706337017E-01
    -0.173412738E+01 -0.140611053E+00
    -0.174964564E+01 -0.211361740E+00
    -0.177102824E+01 -0.279453682E+00
    -0.179822733E+01 -0.345431584E+00
    -0.183157347E+01 -0.409645489E+00
    -0.186910525E+01 -0.468749499E+00
    -0.191212117E+01 -0.525163155E+00
    -0.196044530E+01 -0.578231200E+00
    -0.201307225E+01 -0.626735045E+00
    -0.206711809E+01 -0.671667673E+00
    -0.210582354E+01 -0.725057131E+00
    -0.212509532E+01 -0.782105563E+00
    -0.212682425E+01 -0.846871101E+00
    -0.210717011E+01 -0.912999691E+00
    -0.207769558E+01 -0.978212705E+00
    -0.204603202E+01 -0.104281177E+01
    -0.201497943E+01 -0.110069699E+01
    -0.197197720E+01 -0.115003463E+01
    -0.191222770E+01 -0.118499974E+01
    -0.183135618E+01 -0.119875849E+01
    -0.173116045E+01 -0.118064042E+01
    -0.162031410E+01 -0.116825274E+01
    -0.152742307E+01 -0.116949114E+01
    -0.145091439E+01 -0.117848113E+01
    -0.138807830E+01 -0.119144844E+01
    -0.133022952E+01 -0.120799144E+01
    -0.127619151E+01 -0.122781355E+01
    -0.122497900E+01 -0.125065440E+01
    -0.117591923E+01 -0.127658928E+01
    -0.112644917E+01 -0.130750028E+01
    -0.108236058E+01 -0.133933764E+01
    -0.103698564E+01 -0.137729695E+01
    -0.994044135E+00 -0.141870151E+01
    -0.955335675E+00 -0.146191454E+01
    -0.918584702E+00 -0.150936767E+01
    -0.883712290E+00 -0.156219661E+01
    -0.850708181E+00 -0.162208958E+01
    -0.821814554E+00 -0.168701097E+01
    -0.797422062E+00 -0.175846482E+01
    -0.776451487E+00 -0.184978009E+01
    -0.765219080E+00 -0.196160262E+01
    -0.754876187E+00 -0.207579996E+01
    -0.690037675E+00 -0.217214057E+01
    -0.592987019E+00 -0.221860306E+01
    -0.500000000E+00 -0.224139070E+01
    -0.413217960E+00 -0.225900036E+01
    -0.314618415E+00 -0.225483990E+01
    -0.229083261E+00 -0.220643978E+01
    -0.174691323E+00 -0.212590172E+01
    -0.125980394E+00 -0.203787257E+01
    -0.410099317E-01 -0.192663864E+01
     0.546369781E-01 -0.183704630E+01
     0.122718851E+00 -0.178820496E+01
     0.174657550E+00 -0.175754300E+01
     0.221745469E+00 -0.173388213E+01
     0.270027816E+00 -0.171338960E+01
     0.319838511E+00 -0.169591742E+01
     0.368323337E+00 -0.168234565E+01
     0.418896445E+00 -0.167146643E+01
     0.472093227E+00 -0.166353818E+01
     0.532561553E+00 -0.165887951E+01
     0.597967497E+00 -0.165884794E+01
     0.670084098E+00 -0.166486127E+01
     0.746453142E+00 -0.167835058E+01
     0.829596141E+00 -0.170180545E+01
     0.916786689E+00 -0.173715211E+01
     0.102633235E+01 -0.179978933E+01
     0.114834752E+01 -0.188289221E+01
     0.136192182E+01 -0.184896831E+01
     0.147166911E+01 -0.176287564E+01
     0.157083396E+01 -0.164132277E+01
     0.156984512E+01 -0.149831799E+01
     0.151962552E+01 -0.138286646E+01
     0.148902026E+01 -0.127692831E+01
     0.147460886E+01 -0.118646470E+01
     0.147032438E+01 -0.110117708E+01
     0.147861549E+01 -0.986501294E+00
     0.151051959E+01 -0.849276726E+00
     0.154997236E+01 -0.750183354E+00
     0.157863009E+01 -0.695499898E+00
     0.160331201E+01 -0.655108739E+00
     0.162622177E+01 -0.621750756E+00
     0.165418475E+01 -0.585279042E+00
     0.168862540E+01 -0.545685600E+00
     0.173849524E+01 -0.496262447E+00
     0.181191018E+01 -0.436839963E+00
     0.193480213E+01 -0.363883616E+00
     0.209938802E+01 -0.305357913E+00
     0.229649871E+01 -0.684944638E-15
  </coords>
  <vert@quad>
           0           1         180         181
           1           2         181         182
           2           3         182         183
           3           4         183         184
           4           5         184         185
           5           6         185         186
           6           7         186         187
           7           8         187         188
           8           9         188         189
           9          10         189         190
          10          11         190         191
          11          12         191         192
          12          13         192         193
          13          14         193         194
          14          15         194         195
          15          16         195         196
          16          17         196         197
          17          18         197         198
          18          19         198         199
          19          20         199         200
          20          21         200         201
          21          22         201         202
          22          23         202         203
          23          24         203         204
          24          25         204         205
          25          26         205         206
          26          27         206         207
          27          28         207         208
          28          29         208         209
          29          30         209         210
          30          31         210         211
          31          32         211         212
          32          33         212         213
          33          34         213         214
          34          35         214         215
          35          36         215         216
          36          37         216         217
          37          38         217         218
          38          39         218         219
          39          40         219         220
          40          41         220         221
          41          42         221         222
          42          43         222         223
          43          44         223         224
          44          45         224         225
          45          46         225         226
          46          47         226         227
          47          48         227         228
          48          49         228         229
          49          50         229         230
          50          51         230         231
          51          52         231         232
          52          53         232         233
          53          54         233         234
          54          55         234         235
          55          56         235         236
          56          57         236         237
          57          58         237         238
          58          59         238         239
          59          60         239         240
          60          61         240         241
          61          62         241         242
          62          63         242         243
          63          64         243         244
          64          65         244         245
          65          66         245         246
          66          67         246         247
          67          68         247         248
          68          69         248         249
          69          70         249         250
          70          71         250         251
          71          72         251         252
          72          73         252         253
          73          74         253         254
          74          75         254         255
          75          76         255         256
          76          77         256         257
          77          78         257         258
          78          79         258         259
          79          80         259         260
          80          81         260         261
          81          82         261         262
          82          83         262         263
          83          84         263         264
          84          85         264         265
          85          86         265         266
          86          87         266         267
          87          88         267         268
          88          89         268         269
          89          90         269         270
          90          91         270         271
          91          92         271         272
          92          93         272         273
          93          94         273         274
          94          95         274         275
          95          96         275         276
          96          97         276         277
          97          98         277         278
          98          99         278         279
          99         100         279         280
         100         101         280         281
         101         102         281         282
         102         103         282         283
         103         104         283         284
         104         105         284         285
         105         106         285         286
         106         107         286         287
         107         108         287         288
         108         109         288         289
         109         110         289         290
         110         111         290         291
         111         112         291         292
         112         113         292         293
         113         114         293         294
         114         115         294         295
         115         116         295         296
         116         117         296         297
         117         118         297         298
         118         119         298         299
         119         120         299         300
         120         121         300         301
         121         122         301         302
         122         123         302         303
         123         124         303         304
         124         125         304         305
         125         126         305         306
         126         127         306         307
         127         128         307         308
         128         129         308         309
         129         130         309         310
         130         131         310         311
         131         132         311         312
         132         133         312         313
         133         134         313         314
         134         135         314         315
         135         136         315         316
         136         137         316         317
         137         138         317         318
         138         139         318         319
         139         140         319         320
         140         141         320         321
         141         142         321         322
         142         143         322         323
         143         144         323         324
         144         145         324         325
         145         146         325         326
         146         147         326         327
         147         148         327         328
         148         149         328         329
         149         150         329         330
         150         151         330         331
         151         152         331         332
         152         153         332         333
         153         154         333         334
         154         155         334         335
         155         156         335         336
         156         157         336         337
         157         158         337         338
         158         159         338         339
         159         160         339         340
         160         161         340         341
         161         162         341         342
         162         163         342         343
         163         164         343         344
         164         165         344         345
         165         166         345         346
         166         167         346         347
         167         168         347         348
         168         169         348         349
         169         170         349         350
         170         171         350         351
         171         172         351         352
         172         173         352         353
         173         174         353         354
         174         175         354         355
         175         176         355         356
         176         177         356         357
         177         178         357         358
         178         179         358         359
         179           0         359         180
         180         181         360         361
         181         182         361         362
         182         183         362         363
         183         184         363         364
         184         185         364         365
         185         186         365         366
         186         187         366         367
         187         188         367         368
         188         189         368         369
         189         190         369         370
         190         191         370         371
         191         192         371         372
         192         193         372         373
         193         194         373         374
         194         195         374         375
         195         196         375         376
         196         197         376         377
         197         198         377         378
         198         199         378         379
         199         200         379         380
         200         201         380         381
         201         202         381         382
         202         203         382         383
         203         204         383         384
         204         205         384         385
         205         206         385         386
         206         207         386         387
         207         208         387         388
         208         209         388         389
         209         210         389         390
         210         211         390         391
         211         212         391         392
         212         213         392         393
         213         214         393         394
         214         215         394         395
         215         216         395         396
         216         217         396         397
         217         218         397         398
         218         219         398         399
         219         220         399         400
         220         221         400         401
         221         222         401         402
         222         223         402         403
         223         224         403         404
         224         225         404         405
         225         226         405         406
         226         227         406         407
         227         228         407         408
         228         229         408         409
         229         230         409         410
         230         231         410         411
         231         232         411         412
         232         233         412         413
         233         234         413         414
         234         235         414         415
         235         236         415         416
         236         237         416         417
         237         238         417         418
         238         239         418         419
         239         240         419         420
         240         241         420         421
         241         242         421         422
         242         243         422         423
         243         244         423         424
         244         245         424         425
         245         246         425         426
         246         247         426         427
         247         248         427         428
         248         249         428         429
         249         250         429         430
         250         251         430         431
         251         252         431         432
         252         253         432         433
         253         254         433         434
         254         255         434         435
         255         256         435         436
         256         257         436         437
         257         258         437         438
         258         259         438         439
         259         260         439         440
         260         261         440         441
         261         262         441         442
         262         263         442         443
         263         264         443         444
         264         265         444         445
         265         266         445         446
         266         267         446         447
         267         268         447         448
         268         269         448         449
         269         270         449         450
         270         271         450         451
         271         272         451         452
         272         273         452         453
         273         274         453         454
         274         275         454         455
         275         276         455         456
         276         277         456         457
         277         278         457         458
         278         279         458         459
         279         280         459         460
         280         281         460         461
         281         282         461         462
         282         283         462         463
         283         284         463         464
         284         285         464         465
         285         286         465         466
         286         287         466         467
         287         288         467         468
         288         289         468         469
         289         290         469         470
         290         291         470         471
         291         292         471         472
         292         293         472         473
         293         294         473         474
         294         295         474         475
         295         296         475         476
         296         297         476         477
         297         298         477         478
         298         299         478         479
         299         300         479         480
         300         301         480         481
         301         302         481         482
         302         303         482         483
         303         304         483         484
         304         305         484         485
         305         306         485         486
         306         307         486         487
         307         308         487         488
         308         309         488         489
         309         310         489         490
         310         311         490         491
         311         312         491         492
         312         313         492         493
         313         314         493         494
         314         315         494         495
         315         316         495         496
         316         317         496         497
         317         318         497         498
         318         319         498         499
         319         320         499         500
         320         321         500         501
         321         322         501         502
         322         323         502         503
         323         324         503         504
         324         325         504         505
         325         326         505         506
         326         327         506         507
         327         328         507         508
         328         329         508         509
         329         330         509         510
         330         331         510         511
         331         332         511         512
         332         333         512         513
         333         334         513         514
         334         335         514         515
         335         336         515         516
         336         337         516         517
         337         338         517         518
         338         339         518         519
         339         340         519         520
         340         341         520         521
         341         342         521         522
         342         343         522         523
         343         344         523         524
         344         345         524         525
         345         346         525         526
         346         347         526         527
         347         348         527         528
         348         349         528         529
         349         350         529         530
         350         351         530         531
         351         352         531         532
         352         353         532         533
         353         354         533         534
         354         355         534         535
         355         356         535         536
         356         357         536         537
         357         358         537         538
         358         359         538         539
         359         180         539         360
  </vert@quad>
 </mesh>
 <cellset>
  <header>
   name 1
   parent root
  </header>
  <info>
   This is the inner boundary
  </info>
  <counts>
   verts   180
  </counts>
  <vert_idx>
           1
           2
           3
           4
           5
           6
           7
           8
           9
          10
          11
          12
          13
          14
          15
          16
          17
          18
          19
          20
          21
          22
          23
          24
          25
          26
          27
          28
          29
          30
          31
          32
          33
          34
          35
          36
          37
          38
          39
          40
          41
          42
          43
          44
          45
          46
          47
          48
          49
          50
          51
          52
          53
          54
          55
          56
          57
          58
          59
          60
          61
          62
          63
          64
          65
          66
          67
          68
          69
          70
          71
          72
          73
          74
          75
          76
          77
          78
          79
          80
          81
          82
          83
          84
          85
          86
          87
          88
          89
          90
          91
          92
          93
          94
          95
          96
          97
          98
          99
         100
         101
         102
         103
         104
         105
         106
         107
         108
         109
         110
         111
         112
         113
         114
         115
         116
         117
         118
         119
         120
         121
         122
         123
         124
         125
         126
         127
         128
         129
         130
         131
         132
         133
         134
         135
         136
         137
         138
         139
         140
         141
         142
         143
         144
         145
         146
         147
         148
         149
         150
         151
         152
         153
         154
         155
         156
         157
         158
         159
         160
         161
         162
         163
         164
         165
         166
         167
         168
         169
         170
         171
         172
         173
         174
         175
         176
         177
         178
         179
         180
  </vert_idx>
 </cellset>
 <cellset>
  <header>
   name 2
   parent root
  </header>
  <info>
   This is the outer boundary
  </info>
  <counts>
   verts   180
  </counts>
  <vert_idx>
         361
         362
         363
         364
         365
         366
         367
         368
         369
         370
         371
         372
         373
         374
         375
         376
         377
         378
         379
         380
         381
         382
         383
         384
         385
         386
         387
         388
         389
         390
         391
         392
         393
         394
         395
         396
         397
         398
         399
         400
         401
         402
         403
         404
         405
         406
         407
         408
         409
         410
         411
         412
         413
         414
         415
         416
         417
         418
         419
         420
         421
         422
         423
         424
         425
         426
         427
         428
         429
         430
         431
         432
         433
         434
         435
         436
         437
         438
         439
         440
         441
         442
         443
         444
         445
         446
         447
         448
         449
         450
         451
         452
         453
         454
         455
         456
         457
         458
         459
         460
         461
         462
         463
         464
         465
         466
         467
         468
         469
         470
         471
         472
         473
         474
         475
         476
         477
         478
         479
         480
         481
         482
         483
         484
         485
         486
         487
         488
         489
         490
         491
         492
         493
         494
         495
         496
         497
         498
         499
         500
         501
         502
         503
         504
         505
         506
         507
         508
         509
         510
         511
         512
         513
         514
         515
         516
         517
         518
         519
         520
         521
         522
         523
         524
         525
         526
         527
         528
         529
         530
         531
         532
         533
         534
         535
         536
         537
         538
         539
         540
  </vert_idx>
 </cellset>
 </feast_mesh_file>
