 <feast_mesh_file>
 <header>
  version 1
  submeshes 0
  cellsets 0
 </header>
 <info>
  Coarse mesh exported by RocheMesher
 </info>
 <mesh>
  <header>
   type conformal
   shape hexa
   coords 3
  </header>
  <counts>
   verts  1080
   hexas   360
  </counts>
  <coords>
     0.114268134E+01  0.918401453E-01  0.000000000E+00
     0.116074542E+01  0.224541591E+00  0.000000000E+00
     0.119000680E+01  0.328504044E+00  0.000000000E+00
     0.122862821E+01  0.421394136E+00  0.000000000E+00
     0.126807121E+01  0.493654352E+00  0.000000000E+00
     0.130732131E+01  0.552553576E+00  0.000000000E+00
     0.134351173E+01  0.598993272E+00  0.000000000E+00
     0.138002399E+01  0.640012372E+00  0.000000000E+00
     0.141421436E+01  0.674101289E+00  0.000000000E+00
     0.145063221E+01  0.713830021E+00  0.000000000E+00
     0.147870449E+01  0.783424530E+00  0.000000000E+00
     0.147281036E+01  0.915748082E+00  0.000000000E+00
     0.141914992E+01  0.104201339E+01  0.000000000E+00
     0.137576197E+01  0.109610680E+01  0.000000000E+00
     0.134395064E+01  0.112555228E+01  0.000000000E+00
     0.131486366E+01  0.114730918E+01  0.000000000E+00
     0.129017409E+01  0.116255265E+01  0.000000000E+00
     0.126762527E+01  0.117440742E+01  0.000000000E+00
     0.123960254E+01  0.118667639E+01  0.000000000E+00
     0.121699797E+01  0.119334468E+01  0.000000000E+00
     0.119051702E+01  0.119695277E+01  0.000000000E+00
     0.114122978E+01  0.119242323E+01  0.000000000E+00
     0.104381550E+01  0.116334842E+01  0.000000000E+00
     0.919519809E+00  0.114132323E+01  0.000000000E+00
     0.794723659E+00  0.113744253E+01  0.000000000E+00
     0.668169495E+00  0.115197159E+01  0.000000000E+00
     0.553140733E+00  0.118201925E+01  0.000000000E+00
     0.449715433E+00  0.122436576E+01  0.000000000E+00
     0.359817145E+00  0.127473134E+01  0.000000000E+00
     0.283200535E+00  0.132961066E+01  0.000000000E+00
     0.218862222E+00  0.138682581E+01  0.000000000E+00
     0.166635980E+00  0.144273245E+01  0.000000000E+00
     0.125376162E+00  0.149500984E+01  0.000000000E+00
     0.886374484E-01  0.154959902E+01  0.000000000E+00
     0.562882813E-01  0.160646471E+01  0.000000000E+00
     0.265090505E-01  0.166987337E+01  0.000000000E+00
    -0.343158405E-03  0.174251049E+01  0.000000000E+00
    -0.358988587E-01  0.186140801E+01  0.000000000E+00
    -0.157359842E+00  0.196323959E+01  0.000000000E+00
    -0.238164182E+00  0.198884049E+01  0.000000000E+00
    -0.290269401E+00  0.199545336E+01  0.000000000E+00
    -0.335956020E+00  0.199530559E+01  0.000000000E+00
    -0.381803055E+00  0.198948091E+01  0.000000000E+00
    -0.430969503E+00  0.197677480E+01  0.000000000E+00
    -0.479507557E+00  0.195681259E+01  0.000000000E+00
    -0.530265308E+00  0.192659089E+01  0.000000000E+00
    -0.569406948E+00  0.189283063E+01  0.000000000E+00
    -0.599746958E+00  0.184177480E+01  0.000000000E+00
    -0.617478102E+00  0.176871772E+01  0.000000000E+00
    -0.641519005E+00  0.168530488E+01  0.000000000E+00
    -0.671922435E+00  0.160871872E+01  0.000000000E+00
    -0.712347693E+00  0.153030735E+01  0.000000000E+00
    -0.757532372E+00  0.146053866E+01  0.000000000E+00
    -0.807264309E+00  0.139751822E+01  0.000000000E+00
    -0.859647490E+00  0.134222271E+01  0.000000000E+00
    -0.915133200E+00  0.129298852E+01  0.000000000E+00
    -0.970435091E+00  0.125157228E+01  0.000000000E+00
    -0.102824031E+01  0.121486955E+01  0.000000000E+00
    -0.108533901E+01  0.118434349E+01  0.000000000E+00
    -0.114461164E+01  0.115813854E+01  0.000000000E+00
    -0.120247231E+01  0.113739960E+01  0.000000000E+00
    -0.126174999E+01  0.112088108E+01  0.000000000E+00
    -0.132044057E+01  0.110876179E+01  0.000000000E+00
    -0.138174262E+01  0.110059469E+01  0.000000000E+00
    -0.144664386E+01  0.109669746E+01  0.000000000E+00
    -0.151671932E+01  0.109795699E+01  0.000000000E+00
    -0.158998666E+01  0.110531299E+01  0.000000000E+00
    -0.167921096E+01  0.112294742E+01  0.000000000E+00
    -0.178983402E+01  0.114516823E+01  0.000000000E+00
    -0.187320709E+01  0.111996037E+01  0.000000000E+00
    -0.192098459E+01  0.109035983E+01  0.000000000E+00
    -0.196046041E+01  0.105719703E+01  0.000000000E+00
    -0.199859122E+01  0.101462253E+01  0.000000000E+00
    -0.203274203E+01  0.961487261E+00  0.000000000E+00
    -0.205875482E+01  0.899947512E+00  0.000000000E+00
    -0.207320818E+01  0.836489626E+00  0.000000000E+00
    -0.207680733E+01  0.779306723E+00  0.000000000E+00
    -0.207199388E+01  0.723036399E+00  0.000000000E+00
    -0.204881306E+01  0.663822124E+00  0.000000000E+00
    -0.199552380E+01  0.607269244E+00  0.000000000E+00
    -0.194034836E+01  0.552897932E+00  0.000000000E+00
    -0.189749847E+01  0.503130409E+00  0.000000000E+00
    -0.185542039E+01  0.445639549E+00  0.000000000E+00
    -0.181859977E+01  0.385585557E+00  0.000000000E+00
    -0.178692955E+01  0.323254359E+00  0.000000000E+00
    -0.176044469E+01  0.258732138E+00  0.000000000E+00
    -0.173974629E+01  0.194139088E+00  0.000000000E+00
    -0.172376803E+01  0.126464124E+00  0.000000000E+00
    -0.171374035E+01  0.614854339E-01  0.000000000E+00
    -0.170866878E+01 -0.210952712E-02  0.000000000E+00
    -0.170816053E+01 -0.654316353E-01  0.000000000E+00
    -0.171228106E+01 -0.129555471E+00  0.000000000E+00
    -0.172164358E+01 -0.195675599E+00  0.000000000E+00
    -0.173646949E+01 -0.262819703E+00  0.000000000E+00
    -0.175703415E+01 -0.329776735E+00  0.000000000E+00
    -0.178154201E+01 -0.391806713E+00  0.000000000E+00
    -0.181215040E+01 -0.454372815E+00  0.000000000E+00
    -0.184794359E+01 -0.514729603E+00  0.000000000E+00
    -0.188877441E+01 -0.572411504E+00  0.000000000E+00
    -0.193411931E+01 -0.626551320E+00  0.000000000E+00
    -0.198898128E+01 -0.681708856E+00  0.000000000E+00
    -0.203254100E+01 -0.740859268E+00  0.000000000E+00
    -0.204658043E+01 -0.794834378E+00  0.000000000E+00
    -0.204826437E+01 -0.847649981E+00  0.000000000E+00
    -0.204290933E+01 -0.897994675E+00  0.000000000E+00
    -0.202836671E+01 -0.955029515E+00  0.000000000E+00
    -0.200272285E+01 -0.101359936E+01  0.000000000E+00
    -0.196802580E+01 -0.106658318E+01  0.000000000E+00
    -0.192718870E+01 -0.111103609E+01  0.000000000E+00
    -0.188167436E+01 -0.114708815E+01  0.000000000E+00
    -0.182364361E+01 -0.117932344E+01  0.000000000E+00
    -0.171504405E+01 -0.119402046E+01  0.000000000E+00
    -0.160198760E+01 -0.116125263E+01  0.000000000E+00
    -0.151656884E+01 -0.114498904E+01  0.000000000E+00
    -0.144834030E+01 -0.113823338E+01  0.000000000E+00
    -0.138495248E+01 -0.113677152E+01  0.000000000E+00
    -0.132784687E+01 -0.113943346E+01  0.000000000E+00
    -0.127008103E+01 -0.114600147E+01  0.000000000E+00
    -0.121156416E+01 -0.115663104E+01  0.000000000E+00
    -0.115222642E+01 -0.117181960E+01  0.000000000E+00
    -0.109387564E+01 -0.119113026E+01  0.000000000E+00
    -0.103377870E+01 -0.121598182E+01  0.000000000E+00
    -0.975571629E+00 -0.124539899E+01  0.000000000E+00
    -0.914247376E+00 -0.128253456E+01  0.000000000E+00
    -0.857172486E+00 -0.132374008E+01  0.000000000E+00
    -0.799443511E+00 -0.137337195E+01  0.000000000E+00
    -0.742262197E+00 -0.143234012E+01  0.000000000E+00
    -0.691581948E+00 -0.149553107E+01  0.000000000E+00
    -0.645277772E+00 -0.156604683E+01  0.000000000E+00
    -0.603561171E+00 -0.164605767E+01  0.000000000E+00
    -0.572270660E+00 -0.172432572E+01  0.000000000E+00
    -0.550248991E+00 -0.179894169E+01  0.000000000E+00
    -0.526112426E+00 -0.187004325E+01  0.000000000E+00
    -0.489977227E+00 -0.191419119E+01  0.000000000E+00
    -0.449134298E+00 -0.194248278E+01  0.000000000E+00
    -0.400353392E+00 -0.196705304E+01  0.000000000E+00
    -0.350845715E+00 -0.198368847E+01  0.000000000E+00
    -0.301050341E+00 -0.199321854E+01  0.000000000E+00
    -0.254924087E+00 -0.199598314E+01  0.000000000E+00
    -0.209230462E+00 -0.199315273E+01  0.000000000E+00
    -0.150626094E+00 -0.198139788E+01  0.000000000E+00
    -0.558027362E-01 -0.193946710E+01  0.000000000E+00
     0.425276389E-01 -0.180833880E+01  0.000000000E+00
     0.678188959E-01 -0.170692657E+01  0.000000000E+00
     0.928193530E-01 -0.163764538E+01  0.000000000E+00
     0.119087970E+00 -0.157972631E+01  0.000000000E+00
     0.147955594E+00 -0.152648772E+01  0.000000000E+00
     0.183089987E+00 -0.147159140E+01  0.000000000E+00
     0.222875923E+00 -0.141872388E+01  0.000000000E+00
     0.275521265E+00 -0.135963351E+01  0.000000000E+00
     0.340662595E+00 -0.129946652E+01  0.000000000E+00
     0.420889976E+00 -0.123997940E+01  0.000000000E+00
     0.513651187E+00 -0.118683305E+01  0.000000000E+00
     0.622134134E+00 -0.114189199E+01  0.000000000E+00
     0.742375985E+00 -0.111081233E+01  0.000000000E+00
     0.873992551E+00 -0.109684384E+01  0.000000000E+00
     0.100067530E+01 -0.110235560E+01  0.000000000E+00
     0.111749086E+01 -0.112418543E+01  0.000000000E+00
     0.119621972E+01 -0.114411465E+01  0.000000000E+00
     0.123530552E+01 -0.114422317E+01  0.000000000E+00
     0.126564000E+01 -0.113787733E+01  0.000000000E+00
     0.129085924E+01 -0.112776425E+01  0.000000000E+00
     0.131025496E+01 -0.111803625E+01  0.000000000E+00
     0.133226965E+01 -0.110529572E+01  0.000000000E+00
     0.135614491E+01 -0.108899375E+01  0.000000000E+00
     0.138432230E+01 -0.106609826E+01  0.000000000E+00
     0.141999317E+01 -0.102949131E+01  0.000000000E+00
     0.146538265E+01 -0.962831024E+00  0.000000000E+00
     0.150726045E+01 -0.831434501E+00  0.000000000E+00
     0.150329414E+01 -0.713340955E+00  0.000000000E+00
     0.147846363E+01 -0.658147251E+00  0.000000000E+00
     0.144937595E+01 -0.625876148E+00  0.000000000E+00
     0.141237599E+01 -0.591979257E+00  0.000000000E+00
     0.137646007E+01 -0.555832795E+00  0.000000000E+00
     0.133934972E+01 -0.513555669E+00  0.000000000E+00
     0.129457021E+01 -0.454096072E+00  0.000000000E+00
     0.125171517E+01 -0.385139558E+00  0.000000000E+00
     0.120801790E+01 -0.295025919E+00  0.000000000E+00
     0.117214308E+01 -0.190516639E+00  0.000000000E+00
     0.114637364E+01 -0.546158387E-01  0.000000000E+00
     0.173551648E+01  0.957410058E-01  0.000000000E+00
     0.166436941E+01  0.227498137E+00  0.000000000E+00
     0.158340425E+01  0.318363408E+00  0.000000000E+00
     0.152962418E+01  0.407748248E+00  0.000000000E+00
     0.150232894E+01  0.478939369E+00  0.000000000E+00
     0.149056341E+01  0.539832707E+00  0.000000000E+00
     0.148819510E+01  0.589966240E+00  0.000000000E+00
     0.149195518E+01  0.634120919E+00  0.000000000E+00
     0.149865790E+01  0.675893340E+00  0.000000000E+00
     0.150334112E+01  0.723688129E+00  0.000000000E+00
     0.149888791E+01  0.793704866E+00  0.000000000E+00
     0.147424528E+01  0.916123453E+00  0.000000000E+00
     0.143896921E+01  0.105018064E+01  0.000000000E+00
     0.141611725E+01  0.113681236E+01  0.000000000E+00
     0.140544889E+01  0.120509555E+01  0.000000000E+00
     0.140449649E+01  0.127680937E+01  0.000000000E+00
     0.141174318E+01  0.136125851E+01  0.000000000E+00
     0.141109078E+01  0.144347996E+01  0.000000000E+00
     0.137214070E+01  0.151677250E+01  0.000000000E+00
     0.130161352E+01  0.156756019E+01  0.000000000E+00
     0.121229885E+01  0.159512906E+01  0.000000000E+00
     0.110388253E+01  0.155577865E+01  0.000000000E+00
     0.100275254E+01  0.148450315E+01  0.000000000E+00
     0.896699382E+00  0.143662563E+01  0.000000000E+00
     0.791258422E+00  0.141191020E+01  0.000000000E+00
     0.688847349E+00  0.140554450E+01  0.000000000E+00
     0.592974699E+00  0.141289499E+01  0.000000000E+00
     0.506037115E+00  0.142992879E+01  0.000000000E+00
     0.428193885E+00  0.145519483E+01  0.000000000E+00
     0.359944519E+00  0.148578547E+01  0.000000000E+00
     0.300219979E+00  0.152043496E+01  0.000000000E+00
     0.248104851E+00  0.155734935E+01  0.000000000E+00
     0.201173409E+00  0.159472033E+01  0.000000000E+00
     0.156746237E+00  0.163271074E+01  0.000000000E+00
     0.115065782E+00  0.167333548E+01  0.000000000E+00
     0.740876676E-01  0.172067095E+01  0.000000000E+00
     0.277218641E-01  0.178188203E+01  0.000000000E+00
    -0.471641025E-01  0.187827386E+01  0.000000000E+00
    -0.150543322E+00  0.198500700E+01  0.000000000E+00
    -0.225110113E+00  0.205272038E+01  0.000000000E+00
    -0.280428194E+00  0.209777240E+01  0.000000000E+00
    -0.340045566E+00  0.212486649E+01  0.000000000E+00
    -0.406901527E+00  0.212893218E+01  0.000000000E+00
    -0.475824753E+00  0.211454647E+01  0.000000000E+00
    -0.545270360E+00  0.209203710E+01  0.000000000E+00
    -0.613148904E+00  0.206032683E+01  0.000000000E+00
    -0.667596869E+00  0.200591425E+01  0.000000000E+00
    -0.697788260E+00  0.192586111E+01  0.000000000E+00
    -0.712502405E+00  0.183033317E+01  0.000000000E+00
    -0.730714774E+00  0.173781729E+01  0.000000000E+00
    -0.756607106E+00  0.165422386E+01  0.000000000E+00
    -0.789920306E+00  0.157824441E+01  0.000000000E+00
    -0.828894835E+00  0.151027114E+01  0.000000000E+00
    -0.871855433E+00  0.144924029E+01  0.000000000E+00
    -0.917760727E+00  0.139509300E+01  0.000000000E+00
    -0.965862982E+00  0.134710942E+01  0.000000000E+00
    -0.101528976E+01  0.130505245E+01  0.000000000E+00
    -0.106558053E+01  0.126837879E+01  0.000000000E+00
    -0.111678373E+01  0.123647639E+01  0.000000000E+00
    -0.116856619E+01  0.120915107E+01  0.000000000E+00
    -0.122091808E+01  0.118585336E+01  0.000000000E+00
    -0.127458640E+01  0.116624522E+01  0.000000000E+00
    -0.132964275E+01  0.115024803E+01  0.000000000E+00
    -0.138743043E+01  0.113770645E+01  0.000000000E+00
    -0.144909587E+01  0.112896365E+01  0.000000000E+00
    -0.151685902E+01  0.112487468E+01  0.000000000E+00
    -0.159482235E+01  0.112680096E+01  0.000000000E+00
    -0.169763354E+01  0.113759432E+01  0.000000000E+00
    -0.180945990E+01  0.114867228E+01  0.000000000E+00
    -0.188950700E+01  0.113718464E+01  0.000000000E+00
    -0.194304591E+01  0.111083154E+01  0.000000000E+00
    -0.198564517E+01  0.107416015E+01  0.000000000E+00
    -0.202224083E+01  0.102577851E+01  0.000000000E+00
    -0.205526207E+01  0.966660104E+00  0.000000000E+00
    -0.208314383E+01  0.901581223E+00  0.000000000E+00
    -0.210136835E+01  0.837997615E+00  0.000000000E+00
    -0.210566133E+01  0.778501698E+00  0.000000000E+00
    -0.209538235E+01  0.721228291E+00  0.000000000E+00
    -0.206767147E+01  0.666253647E+00  0.000000000E+00
    -0.201933629E+01  0.612895406E+00  0.000000000E+00
    -0.196408910E+01  0.558367872E+00  0.000000000E+00
    -0.191249978E+01  0.501479602E+00  0.000000000E+00
    -0.186763291E+01  0.442925975E+00  0.000000000E+00
    -0.182863049E+01  0.381658877E+00  0.000000000E+00
    -0.179588487E+01  0.318977241E+00  0.000000000E+00
    -0.176909369E+01  0.255369829E+00  0.000000000E+00
    -0.174795266E+01  0.190937426E+00  0.000000000E+00
    -0.173239362E+01  0.126675694E+00  0.000000000E+00
    -0.172208184E+01  0.625247196E-01  0.000000000E+00
    -0.171679275E+01 -0.111748069E-02  0.000000000E+00
    -0.171633317E+01 -0.649182454E-01  0.000000000E+00
    -0.172077247E+01 -0.129424904E+00  0.000000000E+00
    -0.173038809E+01 -0.194544744E+00  0.000000000E+00
    -0.174540874E+01 -0.260094080E+00  0.000000000E+00
    -0.176600961E+01 -0.325276966E+00  0.000000000E+00
    -0.179232807E+01 -0.389701026E+00  0.000000000E+00
    -0.182435870E+01 -0.452566814E+00  0.000000000E+00
    -0.186233978E+01 -0.513628692E+00  0.000000000E+00
    -0.190618664E+01 -0.572322105E+00  0.000000000E+00
    -0.195649846E+01 -0.629517574E+00  0.000000000E+00
    -0.200878863E+01 -0.684224084E+00  0.000000000E+00
    -0.205216216E+01 -0.739318833E+00  0.000000000E+00
    -0.207418764E+01 -0.794828423E+00  0.000000000E+00
    -0.207992392E+01 -0.851919527E+00  0.000000000E+00
    -0.207129463E+01 -0.909242889E+00  0.000000000E+00
    -0.205049601E+01 -0.969098839E+00  0.000000000E+00
    -0.202148130E+01 -0.103067013E+01  0.000000000E+00
    -0.198605006E+01 -0.108923212E+01  0.000000000E+00
    -0.194473908E+01 -0.113794963E+01  0.000000000E+00
    -0.189384426E+01 -0.117429279E+01  0.000000000E+00
    -0.182866546E+01 -0.119609438E+01  0.000000000E+00
    -0.173442285E+01 -0.119691911E+01  0.000000000E+00
    -0.161967148E+01 -0.118058113E+01  0.000000000E+00
    -0.152731564E+01 -0.117017345E+01  0.000000000E+00
    -0.145597424E+01 -0.116862056E+01  0.000000000E+00
    -0.139258207E+01 -0.117234620E+01  0.000000000E+00
    -0.133439261E+01 -0.117998909E+01  0.000000000E+00
    -0.127894839E+01 -0.119097830E+01  0.000000000E+00
    -0.122483535E+01 -0.120551797E+01  0.000000000E+00
    -0.117175861E+01 -0.122374096E+01  0.000000000E+00
    -0.111885851E+01 -0.124599875E+01  0.000000000E+00
    -0.106628155E+01 -0.127240209E+01  0.000000000E+00
    -0.101373967E+01 -0.130368532E+01  0.000000000E+00
    -0.961618792E+00 -0.134020486E+01  0.000000000E+00
    -0.910496231E+00 -0.138234301E+01  0.000000000E+00
    -0.860571399E+00 -0.143076157E+01  0.000000000E+00
    -0.812869171E+00 -0.148586808E+01  0.000000000E+00
    -0.768184074E+00 -0.154825975E+01  0.000000000E+00
    -0.728048370E+00 -0.161803063E+01  0.000000000E+00
    -0.693586025E+00 -0.169641395E+01  0.000000000E+00
    -0.667210543E+00 -0.178303093E+01  0.000000000E+00
    -0.647419266E+00 -0.187718563E+01  0.000000000E+00
    -0.627233019E+00 -0.196923467E+01  0.000000000E+00
    -0.587777639E+00 -0.204189401E+01  0.000000000E+00
    -0.525251446E+00 -0.208662508E+01  0.000000000E+00
    -0.455089710E+00 -0.211125222E+01  0.000000000E+00
    -0.384639426E+00 -0.212893214E+01  0.000000000E+00
    -0.315595479E+00 -0.213556304E+01  0.000000000E+00
    -0.251952341E+00 -0.212163006E+01  0.000000000E+00
    -0.195989407E+00 -0.208555325E+01  0.000000000E+00
    -0.139293074E+00 -0.203342062E+01  0.000000000E+00
    -0.563164222E-01 -0.195193349E+01  0.000000000E+00
     0.403986660E-01 -0.183897701E+01  0.000000000E+00
     0.101476631E+00 -0.175392730E+01  0.000000000E+00
     0.142802818E+00 -0.169769212E+01  0.000000000E+00
     0.181404485E+00 -0.165315952E+01  0.000000000E+00
     0.221119857E+00 -0.161320373E+01  0.000000000E+00
     0.263915565E+00 -0.157477339E+01  0.000000000E+00
     0.310289308E+00 -0.153650018E+01  0.000000000E+00
     0.362624138E+00 -0.149767945E+01  0.000000000E+00
     0.423271652E+00 -0.146093109E+01  0.000000000E+00
     0.493647451E+00 -0.142823019E+01  0.000000000E+00
     0.574111122E+00 -0.140153551E+01  0.000000000E+00
     0.664332332E+00 -0.138363950E+01  0.000000000E+00
     0.763525141E+00 -0.137617941E+01  0.000000000E+00
     0.868800972E+00 -0.138306246E+01  0.000000000E+00
     0.974493625E+00 -0.141167933E+01  0.000000000E+00
     0.108121108E+01 -0.146448942E+01  0.000000000E+00
     0.118016241E+01 -0.153204094E+01  0.000000000E+00
     0.129544757E+01 -0.154440811E+01  0.000000000E+00
     0.137495743E+01 -0.150250409E+01  0.000000000E+00
     0.143848424E+01 -0.144225076E+01  0.000000000E+00
     0.145661121E+01 -0.136345088E+01  0.000000000E+00
     0.144657787E+01 -0.127589047E+01  0.000000000E+00
     0.143875964E+01 -0.119582799E+01  0.000000000E+00
     0.144116130E+01 -0.112774084E+01  0.000000000E+00
     0.145375974E+01 -0.106014303E+01  0.000000000E+00
     0.147828753E+01 -0.966377244E+00  0.000000000E+00
     0.151097606E+01 -0.830023722E+00  0.000000000E+00
     0.152954896E+01 -0.722690165E+00  0.000000000E+00
     0.153218054E+01 -0.661791379E+00  0.000000000E+00
     0.152732696E+01 -0.617409769E+00  0.000000000E+00
     0.152087358E+01 -0.577695719E+00  0.000000000E+00
     0.151635409E+01 -0.536101907E+00  0.000000000E+00
     0.151652645E+01 -0.487054105E+00  0.000000000E+00
     0.152642875E+01 -0.427694251E+00  0.000000000E+00
     0.155113683E+01 -0.356536352E+00  0.000000000E+00
     0.160103675E+01 -0.266168146E+00  0.000000000E+00
     0.167801736E+01 -0.173037489E+00  0.000000000E+00
     0.173973124E+01 -0.356218174E-01  0.000000000E+00
     0.229277470E+01  0.131703912E+00  0.000000000E+00
     0.205831962E+01  0.345898383E+00  0.000000000E+00
     0.190181258E+01  0.406236190E+00  0.000000000E+00
     0.178190316E+01  0.480872418E+00  0.000000000E+00
     0.171226373E+01  0.539291765E+00  0.000000000E+00
     0.166446383E+01  0.588071806E+00  0.000000000E+00
     0.163132906E+01  0.627284255E+00  0.000000000E+00
     0.160417125E+01  0.663442647E+00  0.000000000E+00
     0.158188549E+01  0.696589141E+00  0.000000000E+00
     0.155602592E+01  0.740214877E+00  0.000000000E+00
     0.152518731E+01  0.801828379E+00  0.000000000E+00
     0.148363330E+01  0.916567261E+00  0.000000000E+00
     0.145763758E+01  0.105407924E+01  0.000000000E+00
     0.145373226E+01  0.116004133E+01  0.000000000E+00
     0.146117257E+01  0.124940472E+01  0.000000000E+00
     0.148049125E+01  0.134594047E+01  0.000000000E+00
     0.152093046E+01  0.146290968E+01  0.000000000E+00
     0.155910827E+01  0.159145973E+01  0.000000000E+00
     0.150274754E+01  0.173483434E+01  0.000000000E+00
     0.139543834E+01  0.182402107E+01  0.000000000E+00
     0.125546047E+01  0.190904892E+01  0.000000000E+00
     0.106846269E+01  0.186922104E+01  0.000000000E+00
     0.948341215E+00  0.178218346E+01  0.000000000E+00
     0.847736104E+00  0.173124326E+01  0.000000000E+00
     0.757260107E+00  0.169908952E+01  0.000000000E+00
     0.676322280E+00  0.167996232E+01  0.000000000E+00
     0.596567900E+00  0.166936509E+01  0.000000000E+00
     0.529269992E+00  0.166653014E+01  0.000000000E+00
     0.467349164E+00  0.166876488E+01  0.000000000E+00
     0.413060977E+00  0.167467230E+01  0.000000000E+00
     0.361566845E+00  0.168364924E+01  0.000000000E+00
     0.312363265E+00  0.169553293E+01  0.000000000E+00
     0.261815925E+00  0.171106658E+01  0.000000000E+00
     0.209879178E+00  0.173086428E+01  0.000000000E+00
     0.162301022E+00  0.175272880E+01  0.000000000E+00
     0.112752813E+00  0.177956339E+01  0.000000000E+00
     0.525548776E-01  0.181867225E+01  0.000000000E+00
    -0.383311155E-01  0.189384187E+01  0.000000000E+00
    -0.132692072E+00  0.200130351E+01  0.000000000E+00
    -0.193894943E+00  0.209827390E+01  0.000000000E+00
    -0.240123954E+00  0.217938599E+01  0.000000000E+00
    -0.315991224E+00  0.223814210E+01  0.000000000E+00
    -0.413296697E+00  0.225695076E+01  0.000000000E+00
    -0.503910502E+00  0.224055041E+01  0.000000000E+00
    -0.592988494E+00  0.221863826E+01  0.000000000E+00
    -0.687429918E+00  0.218627539E+01  0.000000000E+00
    -0.766418989E+00  0.210892345E+01  0.000000000E+00
    -0.795220806E+00  0.199923138E+01  0.000000000E+00
    -0.799750271E+00  0.187140347E+01  0.000000000E+00
    -0.818149262E+00  0.176819926E+01  0.000000000E+00
    -0.841032182E+00  0.169133115E+01  0.000000000E+00
    -0.870678212E+00  0.161846606E+01  0.000000000E+00
    -0.904571790E+00  0.155317502E+01  0.000000000E+00
    -0.940466217E+00  0.149657582E+01  0.000000000E+00
    -0.978289495E+00  0.144621383E+01  0.000000000E+00
    -0.101815477E+01  0.140075437E+01  0.000000000E+00
    -0.106223722E+01  0.135736073E+01  0.000000000E+00
    -0.110487887E+01  0.132117005E+01  0.000000000E+00
    -0.115036582E+01  0.128750549E+01  0.000000000E+00
    -0.119500210E+01  0.125899413E+01  0.000000000E+00
    -0.124334219E+01  0.123225242E+01  0.000000000E+00
    -0.129394072E+01  0.120865924E+01  0.000000000E+00
    -0.134498353E+01  0.118900733E+01  0.000000000E+00
    -0.139940923E+01  0.117213293E+01  0.000000000E+00
    -0.145834905E+01  0.115844500E+01  0.000000000E+00
    -0.152329962E+01  0.114852631E+01  0.000000000E+00
    -0.160423857E+01  0.114347251E+01  0.000000000E+00
    -0.172067384E+01  0.115030484E+01  0.000000000E+00
    -0.182657763E+01  0.116953550E+01  0.000000000E+00
    -0.190680721E+01  0.116381214E+01  0.000000000E+00
    -0.196619301E+01  0.113729587E+01  0.000000000E+00
    -0.201120898E+01  0.109795759E+01  0.000000000E+00
    -0.204610803E+01  0.104286303E+01  0.000000000E+00
    -0.207776762E+01  0.978257373E+00  0.000000000E+00
    -0.210980893E+01  0.907080714E+00  0.000000000E+00
    -0.213562025E+01  0.836989169E+00  0.000000000E+00
    -0.213979560E+01  0.771629235E+00  0.000000000E+00
    -0.212423491E+01  0.709610784E+00  0.000000000E+00
    -0.208699168E+01  0.650872721E+00  0.000000000E+00
    -0.203022469E+01  0.602771533E+00  0.000000000E+00
    -0.197485136E+01  0.554360179E+00  0.000000000E+00
    -0.192095237E+01  0.497610442E+00  0.000000000E+00
    -0.187465443E+01  0.438708191E+00  0.000000000E+00
    -0.183502786E+01  0.377774805E+00  0.000000000E+00
    -0.180293300E+01  0.317620829E+00  0.000000000E+00
    -0.177494444E+01  0.252445796E+00  0.000000000E+00
    -0.175402344E+01  0.189653215E+00  0.000000000E+00
    -0.173781272E+01  0.123550135E+00  0.000000000E+00
    -0.172764771E+01  0.600419901E-01  0.000000000E+00
    -0.172260828E+01  0.149726332E-15  0.000000000E+00
    -0.172210956E+01 -0.640480481E-01  0.000000000E+00
    -0.172646471E+01 -0.126742799E+00  0.000000000E+00
    -0.173658578E+01 -0.193644166E+00  0.000000000E+00
    -0.175203913E+01 -0.259284839E+00  0.000000000E+00
    -0.177332307E+01 -0.324565981E+00  0.000000000E+00
    -0.179986141E+01 -0.387505518E+00  0.000000000E+00
    -0.183337231E+01 -0.451321628E+00  0.000000000E+00
    -0.187093133E+01 -0.509844790E+00  0.000000000E+00
    -0.191738926E+01 -0.569786829E+00  0.000000000E+00
    -0.197188010E+01 -0.627810064E+00  0.000000000E+00
    -0.202752962E+01 -0.676907953E+00  0.000000000E+00
    -0.207554000E+01 -0.724667434E+00  0.000000000E+00
    -0.210557847E+01 -0.783092942E+00  0.000000000E+00
    -0.211605617E+01 -0.852049759E+00  0.000000000E+00
    -0.210401751E+01 -0.918629487E+00  0.000000000E+00
    -0.207630391E+01 -0.981162772E+00  0.000000000E+00
    -0.204603202E+01 -0.104281177E+01  0.000000000E+00
    -0.201057525E+01 -0.110962784E+01  0.000000000E+00
    -0.196786712E+01 -0.116759423E+01  0.000000000E+00
    -0.190555753E+01 -0.120897021E+01  0.000000000E+00
    -0.182871650E+01 -0.122610430E+01  0.000000000E+00
    -0.174277153E+01 -0.121276994E+01  0.000000000E+00
    -0.163818530E+01 -0.119521231E+01  0.000000000E+00
    -0.154271993E+01 -0.119108939E+01  0.000000000E+00
    -0.146816739E+01 -0.119558715E+01  0.000000000E+00
    -0.140466172E+01 -0.120489628E+01  0.000000000E+00
    -0.134646438E+01 -0.121790263E+01  0.000000000E+00
    -0.129485203E+01 -0.123336892E+01  0.000000000E+00
    -0.124360800E+01 -0.125237861E+01  0.000000000E+00
    -0.119476224E+01 -0.127428410E+01  0.000000000E+00
    -0.114774247E+01 -0.129917041E+01  0.000000000E+00
    -0.109993262E+01 -0.132870347E+01  0.000000000E+00
    -0.105530227E+01 -0.136072667E+01  0.000000000E+00
    -0.101124976E+01 -0.139705563E+01  0.000000000E+00
    -0.967497805E+00 -0.143881030E+01  0.000000000E+00
    -0.925798174E+00 -0.148493470E+01  0.000000000E+00
    -0.885969634E+00 -0.153660952E+01  0.000000000E+00
    -0.847884700E+00 -0.159554330E+01  0.000000000E+00
    -0.813695841E+00 -0.166018833E+01  0.000000000E+00
    -0.781546183E+00 -0.173831863E+01  0.000000000E+00
    -0.756402596E+00 -0.182439927E+01  0.000000000E+00
    -0.738069844E+00 -0.193892328E+01  0.000000000E+00
    -0.731009169E+00 -0.205949314E+01  0.000000000E+00
    -0.681335053E+00 -0.215946155E+01  0.000000000E+00
    -0.585302440E+00 -0.222048528E+01  0.000000000E+00
    -0.492169992E+00 -0.224312302E+01  0.000000000E+00
    -0.401275963E+00 -0.226115219E+01  0.000000000E+00
    -0.305800540E+00 -0.226523869E+01  0.000000000E+00
    -0.218489388E+00 -0.222838595E+01  0.000000000E+00
    -0.154922720E+00 -0.215438944E+01  0.000000000E+00
    -0.112793836E+00 -0.206901784E+01  0.000000000E+00
    -0.429376653E-01 -0.196410837E+01  0.000000000E+00
     0.516376574E-01 -0.186229752E+01  0.000000000E+00
     0.130138016E+00 -0.179939171E+01  0.000000000E+00
     0.184340696E+00 -0.176433565E+01  0.000000000E+00
     0.230874957E+00 -0.173868282E+01  0.000000000E+00
     0.278523807E+00 -0.171624621E+01  0.000000000E+00
     0.327667281E+00 -0.169696941E+01  0.000000000E+00
     0.378613230E+00 -0.168063210E+01  0.000000000E+00
     0.428509937E+00 -0.166820311E+01  0.000000000E+00
     0.480867651E+00 -0.165855662E+01  0.000000000E+00
     0.536404065E+00 -0.165216965E+01  0.000000000E+00
     0.600075585E+00 -0.164949375E+01  0.000000000E+00
     0.669845118E+00 -0.165223151E+01  0.000000000E+00
     0.748233296E+00 -0.166249066E+01  0.000000000E+00
     0.833647283E+00 -0.168264410E+01  0.000000000E+00
     0.923733412E+00 -0.171489518E+01  0.000000000E+00
     0.103611584E+01 -0.177334063E+01  0.000000000E+00
     0.115227936E+01 -0.185447770E+01  0.000000000E+00
     0.138051999E+01 -0.183512259E+01  0.000000000E+00
     0.148951078E+01 -0.174782793E+01  0.000000000E+00
     0.158953087E+01 -0.163252044E+01  0.000000000E+00
     0.159527591E+01 -0.148353804E+01  0.000000000E+00
     0.154313152E+01 -0.136775734E+01  0.000000000E+00
     0.150801371E+01 -0.125474622E+01  0.000000000E+00
     0.149217868E+01 -0.116413523E+01  0.000000000E+00
     0.148658184E+01 -0.107414079E+01  0.000000000E+00
     0.149278572E+01 -0.967644755E+00  0.000000000E+00
     0.152109898E+01 -0.833036887E+00  0.000000000E+00
     0.155830102E+01 -0.732928024E+00  0.000000000E+00
     0.158743457E+01 -0.674222995E+00  0.000000000E+00
     0.161142294E+01 -0.633457239E+00  0.000000000E+00
     0.163367075E+01 -0.599747799E+00  0.000000000E+00
     0.165827587E+01 -0.566213076E+00  0.000000000E+00
     0.168855333E+01 -0.529466773E+00  0.000000000E+00
     0.173610636E+01 -0.479379666E+00  0.000000000E+00
     0.180582206E+01 -0.419038889E+00  0.000000000E+00
     0.192124880E+01 -0.344594733E+00  0.000000000E+00
     0.208018638E+01 -0.280297939E+00  0.000000000E+00
     0.229606006E+01 -0.439240214E-01  0.000000000E+00
     0.114268134E+01  0.918401453E-01  0.100000000E+00
     0.116074542E+01  0.224541591E+00  0.100000000E+00
     0.119000680E+01  0.328504044E+00  0.100000000E+00
     0.122862821E+01  0.421394136E+00  0.100000000E+00
     0.126807121E+01  0.493654352E+00  0.100000000E+00
     0.130732131E+01  0.552553576E+00  0.100000000E+00
     0.134351173E+01  0.598993272E+00  0.100000000E+00
     0.138002399E+01  0.640012372E+00  0.100000000E+00
     0.141421436E+01  0.674101289E+00  0.100000000E+00
     0.145063221E+01  0.713830021E+00  0.100000000E+00
     0.147870449E+01  0.783424530E+00  0.100000000E+00
     0.147281036E+01  0.915748082E+00  0.100000000E+00
     0.141914992E+01  0.104201339E+01  0.100000000E+00
     0.137576197E+01  0.109610680E+01  0.100000000E+00
     0.134395064E+01  0.112555228E+01  0.100000000E+00
     0.131486366E+01  0.114730918E+01  0.100000000E+00
     0.129017409E+01  0.116255265E+01  0.100000000E+00
     0.126762527E+01  0.117440742E+01  0.100000000E+00
     0.123960254E+01  0.118667639E+01  0.100000000E+00
     0.121699797E+01  0.119334468E+01  0.100000000E+00
     0.119051702E+01  0.119695277E+01  0.100000000E+00
     0.114122978E+01  0.119242323E+01  0.100000000E+00
     0.104381550E+01  0.116334842E+01  0.100000000E+00
     0.919519809E+00  0.114132323E+01  0.100000000E+00
     0.794723659E+00  0.113744253E+01  0.100000000E+00
     0.668169495E+00  0.115197159E+01  0.100000000E+00
     0.553140733E+00  0.118201925E+01  0.100000000E+00
     0.449715433E+00  0.122436576E+01  0.100000000E+00
     0.359817145E+00  0.127473134E+01  0.100000000E+00
     0.283200535E+00  0.132961066E+01  0.100000000E+00
     0.218862222E+00  0.138682581E+01  0.100000000E+00
     0.166635980E+00  0.144273245E+01  0.100000000E+00
     0.125376162E+00  0.149500984E+01  0.100000000E+00
     0.886374484E-01  0.154959902E+01  0.100000000E+00
     0.562882813E-01  0.160646471E+01  0.100000000E+00
     0.265090505E-01  0.166987337E+01  0.100000000E+00
    -0.343158405E-03  0.174251049E+01  0.100000000E+00
    -0.358988587E-01  0.186140801E+01  0.100000000E+00
    -0.157359842E+00  0.196323959E+01  0.100000000E+00
    -0.238164182E+00  0.198884049E+01  0.100000000E+00
    -0.290269401E+00  0.199545336E+01  0.100000000E+00
    -0.335956020E+00  0.199530559E+01  0.100000000E+00
    -0.381803055E+00  0.198948091E+01  0.100000000E+00
    -0.430969503E+00  0.197677480E+01  0.100000000E+00
    -0.479507557E+00  0.195681259E+01  0.100000000E+00
    -0.530265308E+00  0.192659089E+01  0.100000000E+00
    -0.569406948E+00  0.189283063E+01  0.100000000E+00
    -0.599746958E+00  0.184177480E+01  0.100000000E+00
    -0.617478102E+00  0.176871772E+01  0.100000000E+00
    -0.641519005E+00  0.168530488E+01  0.100000000E+00
    -0.671922435E+00  0.160871872E+01  0.100000000E+00
    -0.712347693E+00  0.153030735E+01  0.100000000E+00
    -0.757532372E+00  0.146053866E+01  0.100000000E+00
    -0.807264309E+00  0.139751822E+01  0.100000000E+00
    -0.859647490E+00  0.134222271E+01  0.100000000E+00
    -0.915133200E+00  0.129298852E+01  0.100000000E+00
    -0.970435091E+00  0.125157228E+01  0.100000000E+00
    -0.102824031E+01  0.121486955E+01  0.100000000E+00
    -0.108533901E+01  0.118434349E+01  0.100000000E+00
    -0.114461164E+01  0.115813854E+01  0.100000000E+00
    -0.120247231E+01  0.113739960E+01  0.100000000E+00
    -0.126174999E+01  0.112088108E+01  0.100000000E+00
    -0.132044057E+01  0.110876179E+01  0.100000000E+00
    -0.138174262E+01  0.110059469E+01  0.100000000E+00
    -0.144664386E+01  0.109669746E+01  0.100000000E+00
    -0.151671932E+01  0.109795699E+01  0.100000000E+00
    -0.158998666E+01  0.110531299E+01  0.100000000E+00
    -0.167921096E+01  0.112294742E+01  0.100000000E+00
    -0.178983402E+01  0.114516823E+01  0.100000000E+00
    -0.187320709E+01  0.111996037E+01  0.100000000E+00
    -0.192098459E+01  0.109035983E+01  0.100000000E+00
    -0.196046041E+01  0.105719703E+01  0.100000000E+00
    -0.199859122E+01  0.101462253E+01  0.100000000E+00
    -0.203274203E+01  0.961487261E+00  0.100000000E+00
    -0.205875482E+01  0.899947512E+00  0.100000000E+00
    -0.207320818E+01  0.836489626E+00  0.100000000E+00
    -0.207680733E+01  0.779306723E+00  0.100000000E+00
    -0.207199388E+01  0.723036399E+00  0.100000000E+00
    -0.204881306E+01  0.663822124E+00  0.100000000E+00
    -0.199552380E+01  0.607269244E+00  0.100000000E+00
    -0.194034836E+01  0.552897932E+00  0.100000000E+00
    -0.189749847E+01  0.503130409E+00  0.100000000E+00
    -0.185542039E+01  0.445639549E+00  0.100000000E+00
    -0.181859977E+01  0.385585557E+00  0.100000000E+00
    -0.178692955E+01  0.323254359E+00  0.100000000E+00
    -0.176044469E+01  0.258732138E+00  0.100000000E+00
    -0.173974629E+01  0.194139088E+00  0.100000000E+00
    -0.172376803E+01  0.126464124E+00  0.100000000E+00
    -0.171374035E+01  0.614854339E-01  0.100000000E+00
    -0.170866878E+01 -0.210952712E-02  0.100000000E+00
    -0.170816053E+01 -0.654316353E-01  0.100000000E+00
    -0.171228106E+01 -0.129555471E+00  0.100000000E+00
    -0.172164358E+01 -0.195675599E+00  0.100000000E+00
    -0.173646949E+01 -0.262819703E+00  0.100000000E+00
    -0.175703415E+01 -0.329776735E+00  0.100000000E+00
    -0.178154201E+01 -0.391806713E+00  0.100000000E+00
    -0.181215040E+01 -0.454372815E+00  0.100000000E+00
    -0.184794359E+01 -0.514729603E+00  0.100000000E+00
    -0.188877441E+01 -0.572411504E+00  0.100000000E+00
    -0.193411931E+01 -0.626551320E+00  0.100000000E+00
    -0.198898128E+01 -0.681708856E+00  0.100000000E+00
    -0.203254100E+01 -0.740859268E+00  0.100000000E+00
    -0.204658043E+01 -0.794834378E+00  0.100000000E+00
    -0.204826437E+01 -0.847649981E+00  0.100000000E+00
    -0.204290933E+01 -0.897994675E+00  0.100000000E+00
    -0.202836671E+01 -0.955029515E+00  0.100000000E+00
    -0.200272285E+01 -0.101359936E+01  0.100000000E+00
    -0.196802580E+01 -0.106658318E+01  0.100000000E+00
    -0.192718870E+01 -0.111103609E+01  0.100000000E+00
    -0.188167436E+01 -0.114708815E+01  0.100000000E+00
    -0.182364361E+01 -0.117932344E+01  0.100000000E+00
    -0.171504405E+01 -0.119402046E+01  0.100000000E+00
    -0.160198760E+01 -0.116125263E+01  0.100000000E+00
    -0.151656884E+01 -0.114498904E+01  0.100000000E+00
    -0.144834030E+01 -0.113823338E+01  0.100000000E+00
    -0.138495248E+01 -0.113677152E+01  0.100000000E+00
    -0.132784687E+01 -0.113943346E+01  0.100000000E+00
    -0.127008103E+01 -0.114600147E+01  0.100000000E+00
    -0.121156416E+01 -0.115663104E+01  0.100000000E+00
    -0.115222642E+01 -0.117181960E+01  0.100000000E+00
    -0.109387564E+01 -0.119113026E+01  0.100000000E+00
    -0.103377870E+01 -0.121598182E+01  0.100000000E+00
    -0.975571629E+00 -0.124539899E+01  0.100000000E+00
    -0.914247376E+00 -0.128253456E+01  0.100000000E+00
    -0.857172486E+00 -0.132374008E+01  0.100000000E+00
    -0.799443511E+00 -0.137337195E+01  0.100000000E+00
    -0.742262197E+00 -0.143234012E+01  0.100000000E+00
    -0.691581948E+00 -0.149553107E+01  0.100000000E+00
    -0.645277772E+00 -0.156604683E+01  0.100000000E+00
    -0.603561171E+00 -0.164605767E+01  0.100000000E+00
    -0.572270660E+00 -0.172432572E+01  0.100000000E+00
    -0.550248991E+00 -0.179894169E+01  0.100000000E+00
    -0.526112426E+00 -0.187004325E+01  0.100000000E+00
    -0.489977227E+00 -0.191419119E+01  0.100000000E+00
    -0.449134298E+00 -0.194248278E+01  0.100000000E+00
    -0.400353392E+00 -0.196705304E+01  0.100000000E+00
    -0.350845715E+00 -0.198368847E+01  0.100000000E+00
    -0.301050341E+00 -0.199321854E+01  0.100000000E+00
    -0.254924087E+00 -0.199598314E+01  0.100000000E+00
    -0.209230462E+00 -0.199315273E+01  0.100000000E+00
    -0.150626094E+00 -0.198139788E+01  0.100000000E+00
    -0.558027362E-01 -0.193946710E+01  0.100000000E+00
     0.425276389E-01 -0.180833880E+01  0.100000000E+00
     0.678188959E-01 -0.170692657E+01  0.100000000E+00
     0.928193530E-01 -0.163764538E+01  0.100000000E+00
     0.119087970E+00 -0.157972631E+01  0.100000000E+00
     0.147955594E+00 -0.152648772E+01  0.100000000E+00
     0.183089987E+00 -0.147159140E+01  0.100000000E+00
     0.222875923E+00 -0.141872388E+01  0.100000000E+00
     0.275521265E+00 -0.135963351E+01  0.100000000E+00
     0.340662595E+00 -0.129946652E+01  0.100000000E+00
     0.420889976E+00 -0.123997940E+01  0.100000000E+00
     0.513651187E+00 -0.118683305E+01  0.100000000E+00
     0.622134134E+00 -0.114189199E+01  0.100000000E+00
     0.742375985E+00 -0.111081233E+01  0.100000000E+00
     0.873992551E+00 -0.109684384E+01  0.100000000E+00
     0.100067530E+01 -0.110235560E+01  0.100000000E+00
     0.111749086E+01 -0.112418543E+01  0.100000000E+00
     0.119621972E+01 -0.114411465E+01  0.100000000E+00
     0.123530552E+01 -0.114422317E+01  0.100000000E+00
     0.126564000E+01 -0.113787733E+01  0.100000000E+00
     0.129085924E+01 -0.112776425E+01  0.100000000E+00
     0.131025496E+01 -0.111803625E+01  0.100000000E+00
     0.133226965E+01 -0.110529572E+01  0.100000000E+00
     0.135614491E+01 -0.108899375E+01  0.100000000E+00
     0.138432230E+01 -0.106609826E+01  0.100000000E+00
     0.141999317E+01 -0.102949131E+01  0.100000000E+00
     0.146538265E+01 -0.962831024E+00  0.100000000E+00
     0.150726045E+01 -0.831434501E+00  0.100000000E+00
     0.150329414E+01 -0.713340955E+00  0.100000000E+00
     0.147846363E+01 -0.658147251E+00  0.100000000E+00
     0.144937595E+01 -0.625876148E+00  0.100000000E+00
     0.141237599E+01 -0.591979257E+00  0.100000000E+00
     0.137646007E+01 -0.555832795E+00  0.100000000E+00
     0.133934972E+01 -0.513555669E+00  0.100000000E+00
     0.129457021E+01 -0.454096072E+00  0.100000000E+00
     0.125171517E+01 -0.385139558E+00  0.100000000E+00
     0.120801790E+01 -0.295025919E+00  0.100000000E+00
     0.117214308E+01 -0.190516639E+00  0.100000000E+00
     0.114637364E+01 -0.546158387E-01  0.100000000E+00
     0.173551648E+01  0.957410058E-01  0.100000000E+00
     0.166436941E+01  0.227498137E+00  0.100000000E+00
     0.158340425E+01  0.318363408E+00  0.100000000E+00
     0.152962418E+01  0.407748248E+00  0.100000000E+00
     0.150232894E+01  0.478939369E+00  0.100000000E+00
     0.149056341E+01  0.539832707E+00  0.100000000E+00
     0.148819510E+01  0.589966240E+00  0.100000000E+00
     0.149195518E+01  0.634120919E+00  0.100000000E+00
     0.149865790E+01  0.675893340E+00  0.100000000E+00
     0.150334112E+01  0.723688129E+00  0.100000000E+00
     0.149888791E+01  0.793704866E+00  0.100000000E+00
     0.147424528E+01  0.916123453E+00  0.100000000E+00
     0.143896921E+01  0.105018064E+01  0.100000000E+00
     0.141611725E+01  0.113681236E+01  0.100000000E+00
     0.140544889E+01  0.120509555E+01  0.100000000E+00
     0.140449649E+01  0.127680937E+01  0.100000000E+00
     0.141174318E+01  0.136125851E+01  0.100000000E+00
     0.141109078E+01  0.144347996E+01  0.100000000E+00
     0.137214070E+01  0.151677250E+01  0.100000000E+00
     0.130161352E+01  0.156756019E+01  0.100000000E+00
     0.121229885E+01  0.159512906E+01  0.100000000E+00
     0.110388253E+01  0.155577865E+01  0.100000000E+00
     0.100275254E+01  0.148450315E+01  0.100000000E+00
     0.896699382E+00  0.143662563E+01  0.100000000E+00
     0.791258422E+00  0.141191020E+01  0.100000000E+00
     0.688847349E+00  0.140554450E+01  0.100000000E+00
     0.592974699E+00  0.141289499E+01  0.100000000E+00
     0.506037115E+00  0.142992879E+01  0.100000000E+00
     0.428193885E+00  0.145519483E+01  0.100000000E+00
     0.359944519E+00  0.148578547E+01  0.100000000E+00
     0.300219979E+00  0.152043496E+01  0.100000000E+00
     0.248104851E+00  0.155734935E+01  0.100000000E+00
     0.201173409E+00  0.159472033E+01  0.100000000E+00
     0.156746237E+00  0.163271074E+01  0.100000000E+00
     0.115065782E+00  0.167333548E+01  0.100000000E+00
     0.740876676E-01  0.172067095E+01  0.100000000E+00
     0.277218641E-01  0.178188203E+01  0.100000000E+00
    -0.471641025E-01  0.187827386E+01  0.100000000E+00
    -0.150543322E+00  0.198500700E+01  0.100000000E+00
    -0.225110113E+00  0.205272038E+01  0.100000000E+00
    -0.280428194E+00  0.209777240E+01  0.100000000E+00
    -0.340045566E+00  0.212486649E+01  0.100000000E+00
    -0.406901527E+00  0.212893218E+01  0.100000000E+00
    -0.475824753E+00  0.211454647E+01  0.100000000E+00
    -0.545270360E+00  0.209203710E+01  0.100000000E+00
    -0.613148904E+00  0.206032683E+01  0.100000000E+00
    -0.667596869E+00  0.200591425E+01  0.100000000E+00
    -0.697788260E+00  0.192586111E+01  0.100000000E+00
    -0.712502405E+00  0.183033317E+01  0.100000000E+00
    -0.730714774E+00  0.173781729E+01  0.100000000E+00
    -0.756607106E+00  0.165422386E+01  0.100000000E+00
    -0.789920306E+00  0.157824441E+01  0.100000000E+00
    -0.828894835E+00  0.151027114E+01  0.100000000E+00
    -0.871855433E+00  0.144924029E+01  0.100000000E+00
    -0.917760727E+00  0.139509300E+01  0.100000000E+00
    -0.965862982E+00  0.134710942E+01  0.100000000E+00
    -0.101528976E+01  0.130505245E+01  0.100000000E+00
    -0.106558053E+01  0.126837879E+01  0.100000000E+00
    -0.111678373E+01  0.123647639E+01  0.100000000E+00
    -0.116856619E+01  0.120915107E+01  0.100000000E+00
    -0.122091808E+01  0.118585336E+01  0.100000000E+00
    -0.127458640E+01  0.116624522E+01  0.100000000E+00
    -0.132964275E+01  0.115024803E+01  0.100000000E+00
    -0.138743043E+01  0.113770645E+01  0.100000000E+00
    -0.144909587E+01  0.112896365E+01  0.100000000E+00
    -0.151685902E+01  0.112487468E+01  0.100000000E+00
    -0.159482235E+01  0.112680096E+01  0.100000000E+00
    -0.169763354E+01  0.113759432E+01  0.100000000E+00
    -0.180945990E+01  0.114867228E+01  0.100000000E+00
    -0.188950700E+01  0.113718464E+01  0.100000000E+00
    -0.194304591E+01  0.111083154E+01  0.100000000E+00
    -0.198564517E+01  0.107416015E+01  0.100000000E+00
    -0.202224083E+01  0.102577851E+01  0.100000000E+00
    -0.205526207E+01  0.966660104E+00  0.100000000E+00
    -0.208314383E+01  0.901581223E+00  0.100000000E+00
    -0.210136835E+01  0.837997615E+00  0.100000000E+00
    -0.210566133E+01  0.778501698E+00  0.100000000E+00
    -0.209538235E+01  0.721228291E+00  0.100000000E+00
    -0.206767147E+01  0.666253647E+00  0.100000000E+00
    -0.201933629E+01  0.612895406E+00  0.100000000E+00
    -0.196408910E+01  0.558367872E+00  0.100000000E+00
    -0.191249978E+01  0.501479602E+00  0.100000000E+00
    -0.186763291E+01  0.442925975E+00  0.100000000E+00
    -0.182863049E+01  0.381658877E+00  0.100000000E+00
    -0.179588487E+01  0.318977241E+00  0.100000000E+00
    -0.176909369E+01  0.255369829E+00  0.100000000E+00
    -0.174795266E+01  0.190937426E+00  0.100000000E+00
    -0.173239362E+01  0.126675694E+00  0.100000000E+00
    -0.172208184E+01  0.625247196E-01  0.100000000E+00
    -0.171679275E+01 -0.111748069E-02  0.100000000E+00
    -0.171633317E+01 -0.649182454E-01  0.100000000E+00
    -0.172077247E+01 -0.129424904E+00  0.100000000E+00
    -0.173038809E+01 -0.194544744E+00  0.100000000E+00
    -0.174540874E+01 -0.260094080E+00  0.100000000E+00
    -0.176600961E+01 -0.325276966E+00  0.100000000E+00
    -0.179232807E+01 -0.389701026E+00  0.100000000E+00
    -0.182435870E+01 -0.452566814E+00  0.100000000E+00
    -0.186233978E+01 -0.513628692E+00  0.100000000E+00
    -0.190618664E+01 -0.572322105E+00  0.100000000E+00
    -0.195649846E+01 -0.629517574E+00  0.100000000E+00
    -0.200878863E+01 -0.684224084E+00  0.100000000E+00
    -0.205216216E+01 -0.739318833E+00  0.100000000E+00
    -0.207418764E+01 -0.794828423E+00  0.100000000E+00
    -0.207992392E+01 -0.851919527E+00  0.100000000E+00
    -0.207129463E+01 -0.909242889E+00  0.100000000E+00
    -0.205049601E+01 -0.969098839E+00  0.100000000E+00
    -0.202148130E+01 -0.103067013E+01  0.100000000E+00
    -0.198605006E+01 -0.108923212E+01  0.100000000E+00
    -0.194473908E+01 -0.113794963E+01  0.100000000E+00
    -0.189384426E+01 -0.117429279E+01  0.100000000E+00
    -0.182866546E+01 -0.119609438E+01  0.100000000E+00
    -0.173442285E+01 -0.119691911E+01  0.100000000E+00
    -0.161967148E+01 -0.118058113E+01  0.100000000E+00
    -0.152731564E+01 -0.117017345E+01  0.100000000E+00
    -0.145597424E+01 -0.116862056E+01  0.100000000E+00
    -0.139258207E+01 -0.117234620E+01  0.100000000E+00
    -0.133439261E+01 -0.117998909E+01  0.100000000E+00
    -0.127894839E+01 -0.119097830E+01  0.100000000E+00
    -0.122483535E+01 -0.120551797E+01  0.100000000E+00
    -0.117175861E+01 -0.122374096E+01  0.100000000E+00
    -0.111885851E+01 -0.124599875E+01  0.100000000E+00
    -0.106628155E+01 -0.127240209E+01  0.100000000E+00
    -0.101373967E+01 -0.130368532E+01  0.100000000E+00
    -0.961618792E+00 -0.134020486E+01  0.100000000E+00
    -0.910496231E+00 -0.138234301E+01  0.100000000E+00
    -0.860571399E+00 -0.143076157E+01  0.100000000E+00
    -0.812869171E+00 -0.148586808E+01  0.100000000E+00
    -0.768184074E+00 -0.154825975E+01  0.100000000E+00
    -0.728048370E+00 -0.161803063E+01  0.100000000E+00
    -0.693586025E+00 -0.169641395E+01  0.100000000E+00
    -0.667210543E+00 -0.178303093E+01  0.100000000E+00
    -0.647419266E+00 -0.187718563E+01  0.100000000E+00
    -0.627233019E+00 -0.196923467E+01  0.100000000E+00
    -0.587777639E+00 -0.204189401E+01  0.100000000E+00
    -0.525251446E+00 -0.208662508E+01  0.100000000E+00
    -0.455089710E+00 -0.211125222E+01  0.100000000E+00
    -0.384639426E+00 -0.212893214E+01  0.100000000E+00
    -0.315595479E+00 -0.213556304E+01  0.100000000E+00
    -0.251952341E+00 -0.212163006E+01  0.100000000E+00
    -0.195989407E+00 -0.208555325E+01  0.100000000E+00
    -0.139293074E+00 -0.203342062E+01  0.100000000E+00
    -0.563164222E-01 -0.195193349E+01  0.100000000E+00
     0.403986660E-01 -0.183897701E+01  0.100000000E+00
     0.101476631E+00 -0.175392730E+01  0.100000000E+00
     0.142802818E+00 -0.169769212E+01  0.100000000E+00
     0.181404485E+00 -0.165315952E+01  0.100000000E+00
     0.221119857E+00 -0.161320373E+01  0.100000000E+00
     0.263915565E+00 -0.157477339E+01  0.100000000E+00
     0.310289308E+00 -0.153650018E+01  0.100000000E+00
     0.362624138E+00 -0.149767945E+01  0.100000000E+00
     0.423271652E+00 -0.146093109E+01  0.100000000E+00
     0.493647451E+00 -0.142823019E+01  0.100000000E+00
     0.574111122E+00 -0.140153551E+01  0.100000000E+00
     0.664332332E+00 -0.138363950E+01  0.100000000E+00
     0.763525141E+00 -0.137617941E+01  0.100000000E+00
     0.868800972E+00 -0.138306246E+01  0.100000000E+00
     0.974493625E+00 -0.141167933E+01  0.100000000E+00
     0.108121108E+01 -0.146448942E+01  0.100000000E+00
     0.118016241E+01 -0.153204094E+01  0.100000000E+00
     0.129544757E+01 -0.154440811E+01  0.100000000E+00
     0.137495743E+01 -0.150250409E+01  0.100000000E+00
     0.143848424E+01 -0.144225076E+01  0.100000000E+00
     0.145661121E+01 -0.136345088E+01  0.100000000E+00
     0.144657787E+01 -0.127589047E+01  0.100000000E+00
     0.143875964E+01 -0.119582799E+01  0.100000000E+00
     0.144116130E+01 -0.112774084E+01  0.100000000E+00
     0.145375974E+01 -0.106014303E+01  0.100000000E+00
     0.147828753E+01 -0.966377244E+00  0.100000000E+00
     0.151097606E+01 -0.830023722E+00  0.100000000E+00
     0.152954896E+01 -0.722690165E+00  0.100000000E+00
     0.153218054E+01 -0.661791379E+00  0.100000000E+00
     0.152732696E+01 -0.617409769E+00  0.100000000E+00
     0.152087358E+01 -0.577695719E+00  0.100000000E+00
     0.151635409E+01 -0.536101907E+00  0.100000000E+00
     0.151652645E+01 -0.487054105E+00  0.100000000E+00
     0.152642875E+01 -0.427694251E+00  0.100000000E+00
     0.155113683E+01 -0.356536352E+00  0.100000000E+00
     0.160103675E+01 -0.266168146E+00  0.100000000E+00
     0.167801736E+01 -0.173037489E+00  0.100000000E+00
     0.173973124E+01 -0.356218174E-01  0.100000000E+00
     0.229277470E+01  0.131703912E+00  0.100000000E+00
     0.205831962E+01  0.345898383E+00  0.100000000E+00
     0.190181258E+01  0.406236190E+00  0.100000000E+00
     0.178190316E+01  0.480872418E+00  0.100000000E+00
     0.171226373E+01  0.539291765E+00  0.100000000E+00
     0.166446383E+01  0.588071806E+00  0.100000000E+00
     0.163132906E+01  0.627284255E+00  0.100000000E+00
     0.160417125E+01  0.663442647E+00  0.100000000E+00
     0.158188549E+01  0.696589141E+00  0.100000000E+00
     0.155602592E+01  0.740214877E+00  0.100000000E+00
     0.152518731E+01  0.801828379E+00  0.100000000E+00
     0.148363330E+01  0.916567261E+00  0.100000000E+00
     0.145763758E+01  0.105407924E+01  0.100000000E+00
     0.145373226E+01  0.116004133E+01  0.100000000E+00
     0.146117257E+01  0.124940472E+01  0.100000000E+00
     0.148049125E+01  0.134594047E+01  0.100000000E+00
     0.152093046E+01  0.146290968E+01  0.100000000E+00
     0.155910827E+01  0.159145973E+01  0.100000000E+00
     0.150274754E+01  0.173483434E+01  0.100000000E+00
     0.139543834E+01  0.182402107E+01  0.100000000E+00
     0.125546047E+01  0.190904892E+01  0.100000000E+00
     0.106846269E+01  0.186922104E+01  0.100000000E+00
     0.948341215E+00  0.178218346E+01  0.100000000E+00
     0.847736104E+00  0.173124326E+01  0.100000000E+00
     0.757260107E+00  0.169908952E+01  0.100000000E+00
     0.676322280E+00  0.167996232E+01  0.100000000E+00
     0.596567900E+00  0.166936509E+01  0.100000000E+00
     0.529269992E+00  0.166653014E+01  0.100000000E+00
     0.467349164E+00  0.166876488E+01  0.100000000E+00
     0.413060977E+00  0.167467230E+01  0.100000000E+00
     0.361566845E+00  0.168364924E+01  0.100000000E+00
     0.312363265E+00  0.169553293E+01  0.100000000E+00
     0.261815925E+00  0.171106658E+01  0.100000000E+00
     0.209879178E+00  0.173086428E+01  0.100000000E+00
     0.162301022E+00  0.175272880E+01  0.100000000E+00
     0.112752813E+00  0.177956339E+01  0.100000000E+00
     0.525548776E-01  0.181867225E+01  0.100000000E+00
    -0.383311155E-01  0.189384187E+01  0.100000000E+00
    -0.132692072E+00  0.200130351E+01  0.100000000E+00
    -0.193894943E+00  0.209827390E+01  0.100000000E+00
    -0.240123954E+00  0.217938599E+01  0.100000000E+00
    -0.315991224E+00  0.223814210E+01  0.100000000E+00
    -0.413296697E+00  0.225695076E+01  0.100000000E+00
    -0.503910502E+00  0.224055041E+01  0.100000000E+00
    -0.592988494E+00  0.221863826E+01  0.100000000E+00
    -0.687429918E+00  0.218627539E+01  0.100000000E+00
    -0.766418989E+00  0.210892345E+01  0.100000000E+00
    -0.795220806E+00  0.199923138E+01  0.100000000E+00
    -0.799750271E+00  0.187140347E+01  0.100000000E+00
    -0.818149262E+00  0.176819926E+01  0.100000000E+00
    -0.841032182E+00  0.169133115E+01  0.100000000E+00
    -0.870678212E+00  0.161846606E+01  0.100000000E+00
    -0.904571790E+00  0.155317502E+01  0.100000000E+00
    -0.940466217E+00  0.149657582E+01  0.100000000E+00
    -0.978289495E+00  0.144621383E+01  0.100000000E+00
    -0.101815477E+01  0.140075437E+01  0.100000000E+00
    -0.106223722E+01  0.135736073E+01  0.100000000E+00
    -0.110487887E+01  0.132117005E+01  0.100000000E+00
    -0.115036582E+01  0.128750549E+01  0.100000000E+00
    -0.119500210E+01  0.125899413E+01  0.100000000E+00
    -0.124334219E+01  0.123225242E+01  0.100000000E+00
    -0.129394072E+01  0.120865924E+01  0.100000000E+00
    -0.134498353E+01  0.118900733E+01  0.100000000E+00
    -0.139940923E+01  0.117213293E+01  0.100000000E+00
    -0.145834905E+01  0.115844500E+01  0.100000000E+00
    -0.152329962E+01  0.114852631E+01  0.100000000E+00
    -0.160423857E+01  0.114347251E+01  0.100000000E+00
    -0.172067384E+01  0.115030484E+01  0.100000000E+00
    -0.182657763E+01  0.116953550E+01  0.100000000E+00
    -0.190680721E+01  0.116381214E+01  0.100000000E+00
    -0.196619301E+01  0.113729587E+01  0.100000000E+00
    -0.201120898E+01  0.109795759E+01  0.100000000E+00
    -0.204610803E+01  0.104286303E+01  0.100000000E+00
    -0.207776762E+01  0.978257373E+00  0.100000000E+00
    -0.210980893E+01  0.907080714E+00  0.100000000E+00
    -0.213562025E+01  0.836989169E+00  0.100000000E+00
    -0.213979560E+01  0.771629235E+00  0.100000000E+00
    -0.212423491E+01  0.709610784E+00  0.100000000E+00
    -0.208699168E+01  0.650872721E+00  0.100000000E+00
    -0.203022469E+01  0.602771533E+00  0.100000000E+00
    -0.197485136E+01  0.554360179E+00  0.100000000E+00
    -0.192095237E+01  0.497610442E+00  0.100000000E+00
    -0.187465443E+01  0.438708191E+00  0.100000000E+00
    -0.183502786E+01  0.377774805E+00  0.100000000E+00
    -0.180293300E+01  0.317620829E+00  0.100000000E+00
    -0.177494444E+01  0.252445796E+00  0.100000000E+00
    -0.175402344E+01  0.189653215E+00  0.100000000E+00
    -0.173781272E+01  0.123550135E+00  0.100000000E+00
    -0.172764771E+01  0.600419901E-01  0.100000000E+00
    -0.172260828E+01  0.149726332E-15  0.100000000E+00
    -0.172210956E+01 -0.640480481E-01  0.100000000E+00
    -0.172646471E+01 -0.126742799E+00  0.100000000E+00
    -0.173658578E+01 -0.193644166E+00  0.100000000E+00
    -0.175203913E+01 -0.259284839E+00  0.100000000E+00
    -0.177332307E+01 -0.324565981E+00  0.100000000E+00
    -0.179986141E+01 -0.387505518E+00  0.100000000E+00
    -0.183337231E+01 -0.451321628E+00  0.100000000E+00
    -0.187093133E+01 -0.509844790E+00  0.100000000E+00
    -0.191738926E+01 -0.569786829E+00  0.100000000E+00
    -0.197188010E+01 -0.627810064E+00  0.100000000E+00
    -0.202752962E+01 -0.676907953E+00  0.100000000E+00
    -0.207554000E+01 -0.724667434E+00  0.100000000E+00
    -0.210557847E+01 -0.783092942E+00  0.100000000E+00
    -0.211605617E+01 -0.852049759E+00  0.100000000E+00
    -0.210401751E+01 -0.918629487E+00  0.100000000E+00
    -0.207630391E+01 -0.981162772E+00  0.100000000E+00
    -0.204603202E+01 -0.104281177E+01  0.100000000E+00
    -0.201057525E+01 -0.110962784E+01  0.100000000E+00
    -0.196786712E+01 -0.116759423E+01  0.100000000E+00
    -0.190555753E+01 -0.120897021E+01  0.100000000E+00
    -0.182871650E+01 -0.122610430E+01  0.100000000E+00
    -0.174277153E+01 -0.121276994E+01  0.100000000E+00
    -0.163818530E+01 -0.119521231E+01  0.100000000E+00
    -0.154271993E+01 -0.119108939E+01  0.100000000E+00
    -0.146816739E+01 -0.119558715E+01  0.100000000E+00
    -0.140466172E+01 -0.120489628E+01  0.100000000E+00
    -0.134646438E+01 -0.121790263E+01  0.100000000E+00
    -0.129485203E+01 -0.123336892E+01  0.100000000E+00
    -0.124360800E+01 -0.125237861E+01  0.100000000E+00
    -0.119476224E+01 -0.127428410E+01  0.100000000E+00
    -0.114774247E+01 -0.129917041E+01  0.100000000E+00
    -0.109993262E+01 -0.132870347E+01  0.100000000E+00
    -0.105530227E+01 -0.136072667E+01  0.100000000E+00
    -0.101124976E+01 -0.139705563E+01  0.100000000E+00
    -0.967497805E+00 -0.143881030E+01  0.100000000E+00
    -0.925798174E+00 -0.148493470E+01  0.100000000E+00
    -0.885969634E+00 -0.153660952E+01  0.100000000E+00
    -0.847884700E+00 -0.159554330E+01  0.100000000E+00
    -0.813695841E+00 -0.166018833E+01  0.100000000E+00
    -0.781546183E+00 -0.173831863E+01  0.100000000E+00
    -0.756402596E+00 -0.182439927E+01  0.100000000E+00
    -0.738069844E+00 -0.193892328E+01  0.100000000E+00
    -0.731009169E+00 -0.205949314E+01  0.100000000E+00
    -0.681335053E+00 -0.215946155E+01  0.100000000E+00
    -0.585302440E+00 -0.222048528E+01  0.100000000E+00
    -0.492169992E+00 -0.224312302E+01  0.100000000E+00
    -0.401275963E+00 -0.226115219E+01  0.100000000E+00
    -0.305800540E+00 -0.226523869E+01  0.100000000E+00
    -0.218489388E+00 -0.222838595E+01  0.100000000E+00
    -0.154922720E+00 -0.215438944E+01  0.100000000E+00
    -0.112793836E+00 -0.206901784E+01  0.100000000E+00
    -0.429376653E-01 -0.196410837E+01  0.100000000E+00
     0.516376574E-01 -0.186229752E+01  0.100000000E+00
     0.130138016E+00 -0.179939171E+01  0.100000000E+00
     0.184340696E+00 -0.176433565E+01  0.100000000E+00
     0.230874957E+00 -0.173868282E+01  0.100000000E+00
     0.278523807E+00 -0.171624621E+01  0.100000000E+00
     0.327667281E+00 -0.169696941E+01  0.100000000E+00
     0.378613230E+00 -0.168063210E+01  0.100000000E+00
     0.428509937E+00 -0.166820311E+01  0.100000000E+00
     0.480867651E+00 -0.165855662E+01  0.100000000E+00
     0.536404065E+00 -0.165216965E+01  0.100000000E+00
     0.600075585E+00 -0.164949375E+01  0.100000000E+00
     0.669845118E+00 -0.165223151E+01  0.100000000E+00
     0.748233296E+00 -0.166249066E+01  0.100000000E+00
     0.833647283E+00 -0.168264410E+01  0.100000000E+00
     0.923733412E+00 -0.171489518E+01  0.100000000E+00
     0.103611584E+01 -0.177334063E+01  0.100000000E+00
     0.115227936E+01 -0.185447770E+01  0.100000000E+00
     0.138051999E+01 -0.183512259E+01  0.100000000E+00
     0.148951078E+01 -0.174782793E+01  0.100000000E+00
     0.158953087E+01 -0.163252044E+01  0.100000000E+00
     0.159527591E+01 -0.148353804E+01  0.100000000E+00
     0.154313152E+01 -0.136775734E+01  0.100000000E+00
     0.150801371E+01 -0.125474622E+01  0.100000000E+00
     0.149217868E+01 -0.116413523E+01  0.100000000E+00
     0.148658184E+01 -0.107414079E+01  0.100000000E+00
     0.149278572E+01 -0.967644755E+00  0.100000000E+00
     0.152109898E+01 -0.833036887E+00  0.100000000E+00
     0.155830102E+01 -0.732928024E+00  0.100000000E+00
     0.158743457E+01 -0.674222995E+00  0.100000000E+00
     0.161142294E+01 -0.633457239E+00  0.100000000E+00
     0.163367075E+01 -0.599747799E+00  0.100000000E+00
     0.165827587E+01 -0.566213076E+00  0.100000000E+00
     0.168855333E+01 -0.529466773E+00  0.100000000E+00
     0.173610636E+01 -0.479379666E+00  0.100000000E+00
     0.180582206E+01 -0.419038889E+00  0.100000000E+00
     0.192124880E+01 -0.344594733E+00  0.100000000E+00
     0.208018638E+01 -0.280297939E+00  0.100000000E+00
     0.229606006E+01 -0.439240214E-01  0.100000000E+00
  </coords>
  <vert@hexa>
           0           1         180         181         540         541         720         721
           1           2         181         182         541         542         721         722
           2           3         182         183         542         543         722         723
           3           4         183         184         543         544         723         724
           4           5         184         185         544         545         724         725
           5           6         185         186         545         546         725         726
           6           7         186         187         546         547         726         727
           7           8         187         188         547         548         727         728
           8           9         188         189         548         549         728         729
           9          10         189         190         549         550         729         730
          10          11         190         191         550         551         730         731
          11          12         191         192         551         552         731         732
          12          13         192         193         552         553         732         733
          13          14         193         194         553         554         733         734
          14          15         194         195         554         555         734         735
          15          16         195         196         555         556         735         736
          16          17         196         197         556         557         736         737
          17          18         197         198         557         558         737         738
          18          19         198         199         558         559         738         739
          19          20         199         200         559         560         739         740
          20          21         200         201         560         561         740         741
          21          22         201         202         561         562         741         742
          22          23         202         203         562         563         742         743
          23          24         203         204         563         564         743         744
          24          25         204         205         564         565         744         745
          25          26         205         206         565         566         745         746
          26          27         206         207         566         567         746         747
          27          28         207         208         567         568         747         748
          28          29         208         209         568         569         748         749
          29          30         209         210         569         570         749         750
          30          31         210         211         570         571         750         751
          31          32         211         212         571         572         751         752
          32          33         212         213         572         573         752         753
          33          34         213         214         573         574         753         754
          34          35         214         215         574         575         754         755
          35          36         215         216         575         576         755         756
          36          37         216         217         576         577         756         757
          37          38         217         218         577         578         757         758
          38          39         218         219         578         579         758         759
          39          40         219         220         579         580         759         760
          40          41         220         221         580         581         760         761
          41          42         221         222         581         582         761         762
          42          43         222         223         582         583         762         763
          43          44         223         224         583         584         763         764
          44          45         224         225         584         585         764         765
          45          46         225         226         585         586         765         766
          46          47         226         227         586         587         766         767
          47          48         227         228         587         588         767         768
          48          49         228         229         588         589         768         769
          49          50         229         230         589         590         769         770
          50          51         230         231         590         591         770         771
          51          52         231         232         591         592         771         772
          52          53         232         233         592         593         772         773
          53          54         233         234         593         594         773         774
          54          55         234         235         594         595         774         775
          55          56         235         236         595         596         775         776
          56          57         236         237         596         597         776         777
          57          58         237         238         597         598         777         778
          58          59         238         239         598         599         778         779
          59          60         239         240         599         600         779         780
          60          61         240         241         600         601         780         781
          61          62         241         242         601         602         781         782
          62          63         242         243         602         603         782         783
          63          64         243         244         603         604         783         784
          64          65         244         245         604         605         784         785
          65          66         245         246         605         606         785         786
          66          67         246         247         606         607         786         787
          67          68         247         248         607         608         787         788
          68          69         248         249         608         609         788         789
          69          70         249         250         609         610         789         790
          70          71         250         251         610         611         790         791
          71          72         251         252         611         612         791         792
          72          73         252         253         612         613         792         793
          73          74         253         254         613         614         793         794
          74          75         254         255         614         615         794         795
          75          76         255         256         615         616         795         796
          76          77         256         257         616         617         796         797
          77          78         257         258         617         618         797         798
          78          79         258         259         618         619         798         799
          79          80         259         260         619         620         799         800
          80          81         260         261         620         621         800         801
          81          82         261         262         621         622         801         802
          82          83         262         263         622         623         802         803
          83          84         263         264         623         624         803         804
          84          85         264         265         624         625         804         805
          85          86         265         266         625         626         805         806
          86          87         266         267         626         627         806         807
          87          88         267         268         627         628         807         808
          88          89         268         269         628         629         808         809
          89          90         269         270         629         630         809         810
          90          91         270         271         630         631         810         811
          91          92         271         272         631         632         811         812
          92          93         272         273         632         633         812         813
          93          94         273         274         633         634         813         814
          94          95         274         275         634         635         814         815
          95          96         275         276         635         636         815         816
          96          97         276         277         636         637         816         817
          97          98         277         278         637         638         817         818
          98          99         278         279         638         639         818         819
          99         100         279         280         639         640         819         820
         100         101         280         281         640         641         820         821
         101         102         281         282         641         642         821         822
         102         103         282         283         642         643         822         823
         103         104         283         284         643         644         823         824
         104         105         284         285         644         645         824         825
         105         106         285         286         645         646         825         826
         106         107         286         287         646         647         826         827
         107         108         287         288         647         648         827         828
         108         109         288         289         648         649         828         829
         109         110         289         290         649         650         829         830
         110         111         290         291         650         651         830         831
         111         112         291         292         651         652         831         832
         112         113         292         293         652         653         832         833
         113         114         293         294         653         654         833         834
         114         115         294         295         654         655         834         835
         115         116         295         296         655         656         835         836
         116         117         296         297         656         657         836         837
         117         118         297         298         657         658         837         838
         118         119         298         299         658         659         838         839
         119         120         299         300         659         660         839         840
         120         121         300         301         660         661         840         841
         121         122         301         302         661         662         841         842
         122         123         302         303         662         663         842         843
         123         124         303         304         663         664         843         844
         124         125         304         305         664         665         844         845
         125         126         305         306         665         666         845         846
         126         127         306         307         666         667         846         847
         127         128         307         308         667         668         847         848
         128         129         308         309         668         669         848         849
         129         130         309         310         669         670         849         850
         130         131         310         311         670         671         850         851
         131         132         311         312         671         672         851         852
         132         133         312         313         672         673         852         853
         133         134         313         314         673         674         853         854
         134         135         314         315         674         675         854         855
         135         136         315         316         675         676         855         856
         136         137         316         317         676         677         856         857
         137         138         317         318         677         678         857         858
         138         139         318         319         678         679         858         859
         139         140         319         320         679         680         859         860
         140         141         320         321         680         681         860         861
         141         142         321         322         681         682         861         862
         142         143         322         323         682         683         862         863
         143         144         323         324         683         684         863         864
         144         145         324         325         684         685         864         865
         145         146         325         326         685         686         865         866
         146         147         326         327         686         687         866         867
         147         148         327         328         687         688         867         868
         148         149         328         329         688         689         868         869
         149         150         329         330         689         690         869         870
         150         151         330         331         690         691         870         871
         151         152         331         332         691         692         871         872
         152         153         332         333         692         693         872         873
         153         154         333         334         693         694         873         874
         154         155         334         335         694         695         874         875
         155         156         335         336         695         696         875         876
         156         157         336         337         696         697         876         877
         157         158         337         338         697         698         877         878
         158         159         338         339         698         699         878         879
         159         160         339         340         699         700         879         880
         160         161         340         341         700         701         880         881
         161         162         341         342         701         702         881         882
         162         163         342         343         702         703         882         883
         163         164         343         344         703         704         883         884
         164         165         344         345         704         705         884         885
         165         166         345         346         705         706         885         886
         166         167         346         347         706         707         886         887
         167         168         347         348         707         708         887         888
         168         169         348         349         708         709         888         889
         169         170         349         350         709         710         889         890
         170         171         350         351         710         711         890         891
         171         172         351         352         711         712         891         892
         172         173         352         353         712         713         892         893
         173         174         353         354         713         714         893         894
         174         175         354         355         714         715         894         895
         175         176         355         356         715         716         895         896
         176         177         356         357         716         717         896         897
         177         178         357         358         717         718         897         898
         178         179         358         359         718         719         898         899
         179           0         359         180         719         540         899         720
         180         181         360         361         720         721         900         901
         181         182         361         362         721         722         901         902
         182         183         362         363         722         723         902         903
         183         184         363         364         723         724         903         904
         184         185         364         365         724         725         904         905
         185         186         365         366         725         726         905         906
         186         187         366         367         726         727         906         907
         187         188         367         368         727         728         907         908
         188         189         368         369         728         729         908         909
         189         190         369         370         729         730         909         910
         190         191         370         371         730         731         910         911
         191         192         371         372         731         732         911         912
         192         193         372         373         732         733         912         913
         193         194         373         374         733         734         913         914
         194         195         374         375         734         735         914         915
         195         196         375         376         735         736         915         916
         196         197         376         377         736         737         916         917
         197         198         377         378         737         738         917         918
         198         199         378         379         738         739         918         919
         199         200         379         380         739         740         919         920
         200         201         380         381         740         741         920         921
         201         202         381         382         741         742         921         922
         202         203         382         383         742         743         922         923
         203         204         383         384         743         744         923         924
         204         205         384         385         744         745         924         925
         205         206         385         386         745         746         925         926
         206         207         386         387         746         747         926         927
         207         208         387         388         747         748         927         928
         208         209         388         389         748         749         928         929
         209         210         389         390         749         750         929         930
         210         211         390         391         750         751         930         931
         211         212         391         392         751         752         931         932
         212         213         392         393         752         753         932         933
         213         214         393         394         753         754         933         934
         214         215         394         395         754         755         934         935
         215         216         395         396         755         756         935         936
         216         217         396         397         756         757         936         937
         217         218         397         398         757         758         937         938
         218         219         398         399         758         759         938         939
         219         220         399         400         759         760         939         940
         220         221         400         401         760         761         940         941
         221         222         401         402         761         762         941         942
         222         223         402         403         762         763         942         943
         223         224         403         404         763         764         943         944
         224         225         404         405         764         765         944         945
         225         226         405         406         765         766         945         946
         226         227         406         407         766         767         946         947
         227         228         407         408         767         768         947         948
         228         229         408         409         768         769         948         949
         229         230         409         410         769         770         949         950
         230         231         410         411         770         771         950         951
         231         232         411         412         771         772         951         952
         232         233         412         413         772         773         952         953
         233         234         413         414         773         774         953         954
         234         235         414         415         774         775         954         955
         235         236         415         416         775         776         955         956
         236         237         416         417         776         777         956         957
         237         238         417         418         777         778         957         958
         238         239         418         419         778         779         958         959
         239         240         419         420         779         780         959         960
         240         241         420         421         780         781         960         961
         241         242         421         422         781         782         961         962
         242         243         422         423         782         783         962         963
         243         244         423         424         783         784         963         964
         244         245         424         425         784         785         964         965
         245         246         425         426         785         786         965         966
         246         247         426         427         786         787         966         967
         247         248         427         428         787         788         967         968
         248         249         428         429         788         789         968         969
         249         250         429         430         789         790         969         970
         250         251         430         431         790         791         970         971
         251         252         431         432         791         792         971         972
         252         253         432         433         792         793         972         973
         253         254         433         434         793         794         973         974
         254         255         434         435         794         795         974         975
         255         256         435         436         795         796         975         976
         256         257         436         437         796         797         976         977
         257         258         437         438         797         798         977         978
         258         259         438         439         798         799         978         979
         259         260         439         440         799         800         979         980
         260         261         440         441         800         801         980         981
         261         262         441         442         801         802         981         982
         262         263         442         443         802         803         982         983
         263         264         443         444         803         804         983         984
         264         265         444         445         804         805         984         985
         265         266         445         446         805         806         985         986
         266         267         446         447         806         807         986         987
         267         268         447         448         807         808         987         988
         268         269         448         449         808         809         988         989
         269         270         449         450         809         810         989         990
         270         271         450         451         810         811         990         991
         271         272         451         452         811         812         991         992
         272         273         452         453         812         813         992         993
         273         274         453         454         813         814         993         994
         274         275         454         455         814         815         994         995
         275         276         455         456         815         816         995         996
         276         277         456         457         816         817         996         997
         277         278         457         458         817         818         997         998
         278         279         458         459         818         819         998         999
         279         280         459         460         819         820         999        1000
         280         281         460         461         820         821        1000        1001
         281         282         461         462         821         822        1001        1002
         282         283         462         463         822         823        1002        1003
         283         284         463         464         823         824        1003        1004
         284         285         464         465         824         825        1004        1005
         285         286         465         466         825         826        1005        1006
         286         287         466         467         826         827        1006        1007
         287         288         467         468         827         828        1007        1008
         288         289         468         469         828         829        1008        1009
         289         290         469         470         829         830        1009        1010
         290         291         470         471         830         831        1010        1011
         291         292         471         472         831         832        1011        1012
         292         293         472         473         832         833        1012        1013
         293         294         473         474         833         834        1013        1014
         294         295         474         475         834         835        1014        1015
         295         296         475         476         835         836        1015        1016
         296         297         476         477         836         837        1016        1017
         297         298         477         478         837         838        1017        1018
         298         299         478         479         838         839        1018        1019
         299         300         479         480         839         840        1019        1020
         300         301         480         481         840         841        1020        1021
         301         302         481         482         841         842        1021        1022
         302         303         482         483         842         843        1022        1023
         303         304         483         484         843         844        1023        1024
         304         305         484         485         844         845        1024        1025
         305         306         485         486         845         846        1025        1026
         306         307         486         487         846         847        1026        1027
         307         308         487         488         847         848        1027        1028
         308         309         488         489         848         849        1028        1029
         309         310         489         490         849         850        1029        1030
         310         311         490         491         850         851        1030        1031
         311         312         491         492         851         852        1031        1032
         312         313         492         493         852         853        1032        1033
         313         314         493         494         853         854        1033        1034
         314         315         494         495         854         855        1034        1035
         315         316         495         496         855         856        1035        1036
         316         317         496         497         856         857        1036        1037
         317         318         497         498         857         858        1037        1038
         318         319         498         499         858         859        1038        1039
         319         320         499         500         859         860        1039        1040
         320         321         500         501         860         861        1040        1041
         321         322         501         502         861         862        1041        1042
         322         323         502         503         862         863        1042        1043
         323         324         503         504         863         864        1043        1044
         324         325         504         505         864         865        1044        1045
         325         326         505         506         865         866        1045        1046
         326         327         506         507         866         867        1046        1047
         327         328         507         508         867         868        1047        1048
         328         329         508         509         868         869        1048        1049
         329         330         509         510         869         870        1049        1050
         330         331         510         511         870         871        1050        1051
         331         332         511         512         871         872        1051        1052
         332         333         512         513         872         873        1052        1053
         333         334         513         514         873         874        1053        1054
         334         335         514         515         874         875        1054        1055
         335         336         515         516         875         876        1055        1056
         336         337         516         517         876         877        1056        1057
         337         338         517         518         877         878        1057        1058
         338         339         518         519         878         879        1058        1059
         339         340         519         520         879         880        1059        1060
         340         341         520         521         880         881        1060        1061
         341         342         521         522         881         882        1061        1062
         342         343         522         523         882         883        1062        1063
         343         344         523         524         883         884        1063        1064
         344         345         524         525         884         885        1064        1065
         345         346         525         526         885         886        1065        1066
         346         347         526         527         886         887        1066        1067
         347         348         527         528         887         888        1067        1068
         348         349         528         529         888         889        1068        1069
         349         350         529         530         889         890        1069        1070
         350         351         530         531         890         891        1070        1071
         351         352         531         532         891         892        1071        1072
         352         353         532         533         892         893        1072        1073
         353         354         533         534         893         894        1073        1074
         354         355         534         535         894         895        1074        1075
         355         356         535         536         895         896        1075        1076
         356         357         536         537         896         897        1076        1077
         357         358         537         538         897         898        1077        1078
         358         359         538         539         898         899        1078        1079
         359         180         539         360         899         720        1079         900
  </vert@hexa>
 </mesh>
 </feast_mesh_file>
